## RankNet
## Epochs = 100
## No. of features = 136
## No. of hidden layers = 1
## Layer 1: 15 neurons
1 2 3 4 5 6 7 8 9 10 11 12 13 14 15 16 17 18 19 20 21 22 23 24 25 26 27 28 29 30 31 32 33 34 35 36 37 38 39 40 41 42 43 44 45 46 47 48 49 50 51 52 53 54 55 56 57 58 59 60 61 62 63 64 65 66 67 68 69 70 71 72 73 74 75 76 77 78 79 80 81 82 83 84 85 86 87 88 89 90 91 92 93 94 95 96 97 98 99 100 101 102 103 104 105 106 107 108 109 110 111 112 113 114 115 116 117 118 119 120 121 122 123 124 125 126 127 128 129 130 131 132 133 134 135 136
1
15
0 0 2.7604484197346197 3.08848214550767 5.981506898956806 -1.3278848371160539 2.7081770484172574 0.2646527182561268 -0.7278840731301263 -0.0815233181466769 2.585616882032415 0.5561401620706566 6.124200067253992 0.47993530007803464 2.4657210258088416 3.7694723133619368 -1.1304727590043613
0 1 2.7603752870654716 3.062872826585257 6.180945866395982 -1.3806549732237472 2.8035789858956197 0.12991063393121655 -0.7232911349154008 -0.228449502559425 2.6617809732906146 0.5549228821588181 6.142441008677367 0.5272837187610978 2.5606563666458193 3.9700298168637187 -1.137057679999073
0 2 8.032583320565482 8.762571791938104 17.4961998540156 -3.8076986057533624 7.991332040448045 0.677772619124936 -1.9563714789070972 -0.5764468442648221 7.822600213143397 1.6236328371712097 17.653232956351466 1.6046683696018476 7.419979372278015 11.16014702453979 -3.1845287722588824
0 3 4.419920845162661 4.905503549474597 9.8167119279968 -2.2586178297779615 4.452278647524955 0.31441901417399565 -1.1513728050171625 -0.3638596031799959 4.269711603595334 0.9691144960844114 9.980443916526616 0.8164292386677026 4.101105450362689 6.180900930773686 -1.8552725019630203
0 4 2.8085648342803293 3.0862233235768204 6.260638323989236 -1.3076819671355255 2.7813350899092595 0.2189712906812062 -0.6263944377782664 -0.12982440550051025 2.7610652639240163 0.605214645469698 6.2171622975260235 0.5550013500545026 2.6672388311279036 3.862069045002939 -1.1510060872329075
0 5 1.1972478407154807 1.2880906393005058 2.7205170645073533 -0.5599240501201129 1.183367795304915 0.0297088167146977 -0.32727249662927443 -0.10233640007173556 1.2514822939872374 0.29635377212882613 2.7697232890713455 0.15325259353675239 1.1436843022432912 1.711739403304133 -0.4282926974004511
0 6 1.4195491915335023 1.551705855712941 3.1353713536312675 -0.7372468855375046 1.5054306984538717 0.19327283109225166 -0.3534502740178921 -0.03640150716108257 1.4198321649606538 0.24257745744371098 3.0903129433515923 0.30959427952787555 1.3335827841132069 1.909777734835119 -0.5381768059031677
0 7 3.6116071207527427 3.924937845551787 7.9913564094347915 -1.785656980660514 3.5991641499239497 0.2167481057254148 -0.8271397223280954 -0.13842972930180908 3.4191090211967636 0.8044559146831773 7.882244738177933 0.6516150950216129 3.398629436603895 4.969233732898996 -1.5047607957343623
0 8 2.345179859458514 2.4461905822861367 5.004924370799255 -1.1270072373609683 2.3196494390805427 0.2744138004360783 -0.4899377901567277 -0.24082404833743276 2.338305402002982 0.4364210417252104 5.061863822551888 0.44551643449212314 2.1904630918854293 3.319828208072531 -0.9954211096878922
0 9 1.3876017449922384 1.4422614741150834 2.903406177896751 -0.6365177890421474 1.3869154626922149 0.03838708757017418 -0.2881901502407626 -0.07986405663811562 1.2371058087191016 0.273119000293313 2.8250877353536206 0.16549154917469866 1.1346059642265969 1.8836172389103039 -0.4924506236621089
0 10 -1904.4382134409575 -2094.363841432479 -4177.703450098645 917.6149197239542 -1915.7483373070727 -149.90828765853064 446.7412368485965 170.0256415779085 -1845.3690298146441 -411.0625334601607 -4193.547891734157 -393.0646479455988 -1750.3461431481635 -2656.70271825305 763.8572810072997
0 11 8.102944804455285 8.966117493844651 17.46961598750871 -4.127822877871267 8.013616444682803 0.8696693567418161 -2.526542376871096 -0.42182744091980423 7.721930661747477 2.0154707686681315 17.547771938819384 1.6017247576317155 7.410881401227025 11.128447931436188 -3.431456354240068
0 12 -31.278680783635924 -34.492564364981604 -69.17222305221837 13.778632607213915 -31.397417533947266 -3.151438924939875 8.040823912819299 0.6637694994092904 -30.327699067830313 -6.435545518194029 -69.385590223843 -5.847671628803998 -28.793684852767644 -44.00847404679871 12.046797630915442
0 13 2.0305974829820603 2.132173717093702 4.271583811480579 -1.0938983855255078 2.0840710772281525 0.14685881466341355 -0.5136725254119932 -0.610258533722813 1.9014987707836275 0.40105886133983576 4.37141786567041 0.5043661339880314 1.8053977245174013 2.7006930958064777 -0.8157910236498256
0 14 -1925.5197892645058 -2117.841531711814 -4225.235762735946 926.2084182567154 -1936.9969672770858 -152.16784623582117 451.83031659004894 169.78891100677438 -1865.9706440513573 -415.09265555630276 -4241.130644751632 -397.01138743586336 -1769.944005676928 -2686.580236641773 771.4994338699787
0 15 0.08036254748166125 -0.04602743627820071 0.12274700320769984 0.010003695489150661 -0.02669046327768179 -0.07354481616961175 0.0967741784730988 0.09934635994074212 0.1075460713789301 0.04495264239703381 0.12846552301501946 -0.02664407107935021 0.08199726780128219 0.12733464516894802 -0.06665445083027689
0 16 -0.016596910441037387 -0.04330764246790188 0.05556086638342356 0.033720790720363304 0.09443517017218811 -0.041390776778528864 0.0610909802099302 0.19376865194001025 0.0693993608423159 -0.0369644202101196 0.11254575771663194 0.007075524065678414 0.08902037434131913 0.07149673321563658 0.09953188388546556
0 17 0.0026204782293405456 0.11600600883312007 0.05517752725178738 -0.03766966371339339 -0.06491790552043929 -0.017261645748801173 0.10593548890678921 0.1477171921904272 0.042334843646464844 -0.07981722439365405 0.026684939339181177 0.030019522287323998 -0.002297744898247191 0.05653789004230173 0.04100961684723509
0 18 0.025804661952419265 -0.02815948398611939 0.15674116060421642 0.061767632339203425 0.01522392317185234 0.11250243773620616 0.040340055720167974 0.039245445658800455 0.1085524376777804 -0.04695073609640447 0.10790780849829881 0.11532585440554012 0.021262198334338768 -0.008204911300684521 0.08572572503902513
0 19 0.006028484503750461 -0.009987425554247328 0.10843809155950711 0.07001396981466662 0.04676575847222652 -0.07563742507521183 0.003639937453717982 0.012744704596787688 0.05491020236739383 0.005069331247679574 0.04067458623410464 0.06383381106935176 -0.00825064685594529 0.008109874820235386 0.003896779805548979
0 20 113.73279333440281 125.20569957013228 249.1946355675048 -56.86335620920764 114.38748803193097 8.230290782293606 -28.38672277441345 -6.433417697852356 110.09513701278172 24.04308571115355 251.1139887750902 22.691652394878336 104.48345196753975 158.8593759376654 -47.58535935485945
0 21 5.449885719058518 6.0848428651793975 12.229684035901482 -2.7292581358407033 5.618414532929235 0.45754853871576523 -1.478052503458625 -0.258586352381511 5.279297036222777 1.2827672237716679 12.231509673108567 1.1469666902196374 5.157914435643561 7.7921125590935665 -2.2700567731134007
0 22 9.7082853228755 10.661538425137264 21.074824785865836 -4.7915266653710535 9.800750734397642 0.7731046997081905 -2.571582561176936 -0.8011506490075214 9.353330820543063 2.0493131654101564 21.125464681860308 1.8863636590475106 8.905497751980327 13.36345308543378 -4.035032462963944
0 23 4.971178974143208 5.452304018672509 10.795361013886833 -2.462510873656024 5.004709090987068 0.4293428725219207 -1.2365346028021054 -0.2849948636467417 4.769191580332896 1.1247615949289278 10.907198305451239 1.029146215402895 4.597867034108994 6.828363746780659 -1.9717678855321077
0 24 133.77588025636484 147.27041432979496 293.1797976743867 -66.93601828144358 134.69497627096993 9.922560229551287 -33.67324241240828 -7.7798896399675925 129.53789573811747 28.45933511795635 295.38336689917935 26.489673395221985 123.12379603010719 186.82389933437628 -56.03451035832677
0 25 59.787095666927165 66.12903163048698 131.89414750648973 -29.53903144112998 60.18132919057027 5.083377791522828 -15.401936225005358 -2.7201604244652002 58.20595617099284 12.932800301849886 132.3989111919807 11.49890642443879 55.23067556832311 83.74399264112641 -24.648077103000865
0 26 2.5826600922930645 2.881073827438685 5.5942510623839805 -1.2283310053487562 2.589716115505434 0.3170153857332958 -0.7149142167010951 -0.17907486713337148 2.513410676816012 0.474440149029633 5.6868730924417354 0.5705486887427966 2.366187413405512 3.5287750263576743 -0.9847979907744201
0 27 4.634852862364812 5.324853680989348 10.482463623388764 -2.3874060938813577 4.833919370336662 0.2878297106943906 -1.084290614999919 -0.2764123467453657 4.559831693122628 0.9290813348603139 10.41914662026478 1.0072751028369857 4.379064418617195 6.627570072891665 -1.9177185741302254
0 28 2.138957687818033 2.302205287292219 4.532436564551454 -1.0126510991765292 2.0782217644181498 0.09530878206820594 -0.43497298080380087 -0.2234171819510779 1.9803256864211534 0.4085056123204448 4.49169061355165 0.3760295385847566 1.9336551278000302 2.877454729578887 -0.9447850661186492
0 29 69.89520887950405 77.16680972290847 154.05755718790644 -34.429938093525955 70.38765194548974 5.923443779337363 -17.830296003696596 -3.5760664056261957 68.02097538575613 15.002495973041514 154.6271710419231 13.478447327609103 64.65085979217871 97.96511481444381 -28.70698422110594
0 30 62.70393391171989 68.86459585611756 137.06606436217203 -31.717445552133746 63.00634452782864 4.830373091192776 -15.904675457702634 -3.1483570004297414 60.737994743247434 13.11957568073249 138.45476305289608 12.43533441157482 57.60688875015707 87.60151447820277 -26.660785483270455
0 31 3.41945336133348 3.932231708275756 7.719494094279332 -1.7196636443662703 3.577148001213321 0.41035827271947606 -0.9622245199273591 -0.17574343899783718 3.510560977268321 0.8156194457146273 7.867264850617372 0.6521636606931634 3.307352466732121 4.872083243480774 -1.4875434111608603
0 32 4.18604055387321 4.623685961474951 8.963185629775419 -2.1316776755186937 4.147046366402495 0.32393324220932623 -1.2064818787377016 -0.35753110788696857 4.1211228429528575 0.9936300655669077 9.092765771998135 0.7738385943512214 3.840140288483296 5.795001584795188 -1.845080279477807
0 33 2.986772223132965 3.3189411108566267 6.48039085247174 -1.3855723873632337 3.014629377392696 0.1763349005208388 -0.7227599625748762 -0.28171053932348494 2.82944142661425 0.6684626154945348 6.464278604980191 0.5360014718847307 2.7489582650346063 4.0271130143964555 -1.2649490152759455
0 34 72.46786507324623 79.77306907581557 158.44491812204 -36.71020314639083 72.98171842768001 5.5622584577357 -18.562086268007018 -4.012742709485492 70.18416625092974 15.413900446149846 159.9341388502692 14.125230880473731 66.63403428816044 101.15684191870126 -30.727655222360823
0 35 63.763114176980366 70.37525720808316 140.17023504473306 -31.810395253732977 64.30293846783758 5.010728490482089 -16.246614513649266 -3.0275411964655565 61.98288812610134 13.53467564094337 141.10484516415877 12.399668095906303 58.85052761383164 89.19865455311344 -26.51635264122406
0 36 3.041561942615326 3.469916032366696 6.738987858952981 -1.538178027948333 3.1488923155919615 0.33529651124796467 -0.8907385898740304 -0.15684579331362172 2.9995544334456308 0.6958754966534437 6.735918919646398 0.6206389658112555 2.7539915513075264 4.320989467267319 -1.2553340597286695
0 37 4.589126202005075 5.103629168264562 10.405056113835894 -2.309228675498796 4.664920322635325 0.30078979237940984 -1.2356481419266634 -0.3252581403872997 4.667443365208238 0.9842779275145377 10.292033704403805 0.8570518483988926 4.312339821150255 6.645832768447245 -2.030578455974132
0 38 2.574508736496943 2.695459337115025 5.41821658238548 -1.174220900254584 2.522846225460138 0.171841573654963 -0.6175948187770368 -0.21256763570756954 2.3819744726510352 0.5092999060654525 5.512044670102902 0.5106783994690183 2.2384926898315918 3.5988591649665422 -0.9896164562001144
0 39 74.06176398212003 81.81616349618042 162.78628598962592 -36.81697613934124 74.46617206381573 6.029549603740733 -18.900146891121356 -3.765836885424676 72.06950387198741 15.851888996300529 163.86257885190207 14.45708398977373 68.38071213169839 103.76059128217952 -30.743769294913765
0 40 -703.9942445808387 -778.2684098303059 -1566.2426256390875 243.5100991860331 -708.3754793644314 -72.68830008680035 140.01443307484445 78.91730092879 -688.14578416194 -164.78510804294407 -1543.5724340120032 -128.13348989432586 -653.3286177491551 -981.6942162140874 199.18986621460502
0 41 0.6743757382798121 0.7947398982379574 1.5387676404327342 -0.3938293916025889 0.7916556650196961 0.058959610892887655 -0.2729499941694304 0.11376444701032434 0.7605382810847423 0.28888235948316854 1.5446919210650536 0.0869130202094338 0.8083146154084171 1.1376072167706213 -0.27532884610147496
0 42 -56.73897149103639 -62.81139269243838 -128.818643275217 16.01442627308042 -56.820663695154074 -0.538183703837427 6.676206068358904 -0.833113727008283 -52.61521667557391 -10.294123978046438 -129.45860441964803 -19.154511195584114 -51.48866144014257 -80.98813837284314 14.498791119084546
0 43 0.18832293715579598 0.3627396390542485 0.4294299093099726 -0.15034150757151327 0.2538562781499578 -0.05261914770776867 -0.1332299382317438 -0.0940905191477624 0.20505341164019136 0.11874778960987621 0.4861653046639418 0.03621157793670958 0.14771471272121567 0.4083700337506944 -0.14714718873816188
0 44 -896.3902030478696 -990.5765498999352 -2000.5133282027296 298.9852513223772 -900.4949802796036 -75.5292526933912 162.74333764703997 80.40250091950516 -866.8062058817559 -200.53782164896683 -1979.0636368721553 -190.56806924267636 -828.0287540655995 -1255.0223377952925 248.47097998435845
0 45 0.25313097364493997 0.22253328948302947 0.5243040153872401 -0.03895469238598394 0.23321233577946981 0.0859519877210195 -0.1172485576807314 -0.03513358080112171 0.228969361418082 0.07363068126090531 0.5841511187570055 0.058922810793684104 0.2402497722007912 0.4121204301650289 -0.19415408488678512
0 46 0.9277296358738858 1.0338533640183716 2.2607899316439983 -0.47233099605717177 0.95928173619586 0.12338039327647958 -0.27104694845866517 -0.035301679012141624 1.018349942585008 0.19852278802192508 2.1845908714789317 0.28273914544954143 0.8820500482760815 1.3014918060525882 -0.35196861688447106
0 47 1.7377013255433256 1.8397297668802601 3.9134930229386855 -0.8496079391795489 1.7053752369621098 0.24487398434092952 -0.3871028524966729 -0.05804095231723207 1.6617081607430826 0.40669889891515937 3.852140711477019 0.24683256733467507 1.603777093642419 2.5081526314116167 -0.7873447592080993
0 48 0.5712534418443714 0.6669012476083526 1.2455823267189294 -0.2833420429374437 0.6671397742655266 0.03182643538093477 -0.24697299168847542 -0.07414717178307983 0.5287485393387077 0.10815268822799484 1.4427204292007283 0.04448572737982036 0.6326553210059237 0.936275070686847 -0.17275249981990076
0 49 0.3259965068065178 0.3543995071589658 0.7867222647538723 -0.105182145222967 0.28318550674239396 0.0058723470563898485 -0.1768425649730273 -0.08907349485880797 0.23184142476681158 0.13009665876377435 0.654496471756556 0.16471804216868802 0.2873876790522229 0.3866513843869253 -0.07034787787236393
0 50 0.07184619673042349 0.1915162659939162 0.245103058811357 -0.13215386202373208 0.1348720724779176 0.06272454372087473 -0.09642519146791442 -0.0291520363346351 0.17975831613097656 0.0014446927287238846 0.32819806774951704 0.08831200360603034 0.17090603735277057 0.17699448602007906 -0.025973867710298817
0 51 0.585357011439244 0.544045827229485 0.9873478946185511 -0.21159008429812345 0.402020529217889 -0.019316575839452874 -0.12106588519874226 -0.061914585904185616 0.46066211298544973 0.14920982283735973 1.0180393088436814 0.16289326560372258 0.5273113264847655 0.6719823879788407 -0.2239410967553391
0 52 0.7597975327070239 0.9652065074444021 1.8824184057193782 -0.4711742819149778 0.9234514501854991 0.11699091158879202 -0.15315536290396994 -0.047370681573444526 0.791058752607235 0.2122018561986604 1.8688069394432463 0.14752730979584489 0.6932912730488068 1.205003840029866 -0.31587759612641547
0 53 0.31679702558238676 0.2931240664671765 0.7127905981629022 -0.05677788407544974 0.25280959021354593 -0.004319528977470837 -0.061708229618637596 0.02010614649083546 0.20174905025917578 0.08712795130691281 0.6908878059049017 0.09746724924196298 0.18565309423406895 0.40568249328984424 -0.1839544844032475
0 54 0.16897360978701 0.10574573342449806 0.39808516669186095 -0.08321230187835532 0.24689200460338 -0.019401989887373097 0.0266072376021063 -0.01344817323871636 0.20432942450240435 0.11065174216625953 0.4200842020973733 0.026733548293717914 0.08543982426712694 0.1439229094102878 -0.027479494211508138
0 55 0.15683643171483738 0.2213233299788829 0.2217440238576362 -0.08912489234612085 0.10217985071842484 -0.025899159702122684 0.05098367244881409 0.08521545472326213 0.05752676673025952 0.06607277543170037 0.39278736863116903 0.07827026585915942 0.14398490747570025 0.1477832803721141 -0.11486751567603423
0 56 0.7615981120735182 0.6490965537540728 1.493180885180459 -0.33491845617961896 0.6761373245937662 -0.020983225893816862 -0.26531064308798114 0.012107384071483438 0.6076212321486677 0.05743699849140904 1.4683843043144515 0.05324599979912266 0.6251587375026509 0.9658681259804992 -0.23157260368449892
0 57 0.8987967500665944 0.9167435121585541 1.8268289017154133 -0.4183408726846884 0.8685747913115068 0.17514673645202758 -0.20046931152549133 -0.14411483508120784 0.7597014067659856 0.21537830966974908 1.9082092732068592 0.16722561114219478 0.7681406678813532 1.2544724752473217 -0.2570356416918322
0 58 0.4638120355850845 0.39037616456868773 0.9214492342462219 -0.2781907189339634 0.3208254838768476 0.050189333354412544 -0.06362471589737305 -0.0781616636550268 0.3381609165733503 0.051788055162577375 0.9754889779021128 0.17330354648292182 0.2712548319150996 0.6346626495907818 -0.07675452014080042
0 59 0.1484638727107761 0.23763175667646252 0.4692759702560724 -0.028802830327073585 0.2515504242659088 0.02227496481277846 0.015890627829924394 0.019713057876944735 0.2292197505476412 0.11666316727708542 0.48808404483590745 -0.049103712309408694 0.20347349668610593 0.22104355938353068 -0.08946839916809209
0 60 0.156053796811829 0.10764454606416382 0.25596217272117755 -0.029599991282984774 0.034480215577473376 0.016172726125303655 0.044530757261885386 -0.08254542953703548 0.10847942994899507 0.027114775189488415 0.22851242832628876 -0.04096287534467525 0.16980351133754967 0.22395297416562088 -0.1369995936719359
0 61 0.62217982794415 0.713695581730885 1.2045289064271514 -0.2284009787690722 0.647863847988911 0.08766226669482419 -0.1440907035470125 0.013505596477793346 0.5704246424957814 0.1545897431863003 1.2624819127094726 0.12644439519792347 0.48997383347837503 0.7485692373593554 -0.3109880601188253
0 62 0.8740303352167162 0.9203192363351758 1.8209737178120993 -0.44013976415426476 0.8387148978738911 0.07136826857402652 -0.2127510469604565 -0.0077405314995094305 0.8275364193937741 0.13185083255042157 1.8392781845685735 0.17724912682496224 0.7719300626107188 1.2799546330347802 -0.3765529575281961
0 63 0.3817279440680902 0.33669492240866244 0.6882942428345168 -0.2516135218348463 0.39312785635822384 0.09597071012926384 -0.14788871917192134 -0.03700310321719903 0.3107821582934456 0.0940037740059656 0.7841891719908836 0.09611088417116741 0.39734932304465775 0.5294762489165312 -0.06476271584362087
0 64 0.23847400732989157 0.14108393670713848 0.3669977481065444 -0.08855235555521002 0.10676845416417188 -0.029119612589966978 -0.037098326833077906 0.06529201288373927 0.13826494960993352 0.06025624547296628 0.33165055726529297 0.07420996610966615 0.13202843425269795 0.3011652939424737 -0.14181192538983423
0 65 0.07825993528680021 -0.036898834225647686 -0.10051068182586066 0.0732420468602962 0.07285007250899991 0.09653404787898431 -0.02834941813079553 -0.07759542523715224 -0.04641972281459991 0.06331625594533355 0.04766009764778942 -0.008881261550620247 -0.0023909028985649537 0.07976247600241304 0.05128538625880292
0 66 -0.020019159217377718 0.030214720255117632 0.08902321665989842 -0.007180833648659312 -0.06715503112478344 -0.01572045990283577 0.005051700943290171 0.06575713677984714 -0.029787212648697596 0.00735223258896992 0.04735548099630189 0.04638152432126155 -0.03447162564284509 0.004403040408678174 -0.02554948000155026
0 67 0.08070294601489188 -0.07419990615834383 -0.08813074769927162 4.6755749107806207E-4 -0.004754962819396941 -0.06925841595781643 0.07396645304398351 0.09669206873335687 0.03802259240658571 0.05467509429980408 -0.04028042092730567 -0.0028852552520296578 -0.06601167410037585 -0.08713762906325488 -0.010089926878679493
0 68 0.01375049206082844 -0.017096473433432496 0.02121876022021862 -0.0366024655308207 -0.0952371429742398 0.08093774400371674 0.06091825131637974 0.07206756577233044 0.06973433178756133 0.015043541199498226 -0.013191867470855469 -0.07843056722696311 0.062205003241390736 -0.09003229444397638 -0.05654200835899665
0 69 0.053949427099495344 -0.07527228411856901 -0.034789075369758574 -0.07640940590584332 -0.061388470465101826 0.013633600827017759 0.035463305799352474 -0.07174153954297853 -0.013298409210138007 -0.06320215727829391 0.0072127876895690226 0.031606990833192496 0.03515604490830681 -0.030131479572533013 0.0400773440414573
0 70 452.00609671425127 496.4531220059544 984.9065686131077 -227.504656744451 454.60266818060677 36.08489415409198 -114.69929032525513 -34.60231224654303 439.32772796077717 98.072973633322 992.198804515079 83.97340660583507 415.756864148264 628.5391421840917 -187.6277887325764
0 71 45.81702824824167 50.661508578985924 100.86447006962574 -22.721813042663936 46.070067729622636 3.5740839754097364 -11.63436182390541 -2.1558242351283186 44.6694180894266 10.036408961071258 101.36307091459032 8.876607046936902 42.40909899423228 64.28958511014143 -18.8061671214016
0 72 70.53629251026864 77.8092887253387 154.63920190872776 -35.61727969558581 71.04136532579672 6.021975220067553 -18.239643512265523 -5.163557893698933 68.92663343442058 15.378063594698059 155.0740153417169 12.986428561906036 65.05145356942748 98.45788021435668 -29.45298973227433
0 73 41.413625061181875 45.54536878986469 90.93166948787362 -20.021354856811154 41.58655609982882 3.549409863651127 -10.34452288388994 -3.285878480070495 40.289813507992484 9.065984271789539 91.24645026195994 7.834576405050577 38.187044657993766 57.79815742070449 -16.8056776969827
0 74 526.7953632045588 579.2719018862417 1149.3392716538647 -265.1087612002039 530.1759253730598 42.52798112554869 -133.97103653067 -39.91377248126153 512.4672837747862 114.51785914319078 1157.1979311598327 98.01999731707586 485.11261516879654 733.3614967800885 -218.5409618172058
0 75 225.26571840188075 248.5002372992919 494.54450913280556 -111.18751668563915 226.75675088045818 19.570756573972496 -57.267897776799565 -13.901039053012148 220.0321031453679 48.82864150267464 497.15260277689674 41.001874115102034 208.16608077421853 314.7127323062581 -91.86726921732988
0 76 21.003904304288255 23.333317163668646 46.26218346662934 -10.557430701004748 21.190193550571944 1.7751656401049487 -5.520104816381357 -1.3500540692766263 20.496397406521844 4.693418077950237 46.395178031801784 4.008550368964005 19.490118924133423 29.58314587596507 -8.62849443633523
0 77 32.349863053138584 35.653549151345246 71.45145363501582 -15.759064127147212 32.53031801841176 2.5715232813698408 -7.970649436378218 -2.050629013299887 31.490284600702687 6.785015653932189 71.63215806041114 6.3149742703952025 29.85415223248481 45.26563885782571 -13.037322204584754
0 78 17.365142990756237 19.152523716679987 38.23672827654503 -8.639014816787334 17.595848487239433 1.4812323018849525 -4.4549016886782065 -1.4703259225873684 16.996971159058692 3.879058891598286 38.38387298902438 3.349114490102511 16.053894155725462 24.292217442979904 -7.137087610682369
0 79 260.9388156882949 288.22391323592683 573.3092136824555 -128.94923630976902 262.8229273679865 22.51639899631181 -66.28301007885445 -16.215992939531894 255.05757717764615 56.697709583996286 576.0380535357751 47.9064826805985 241.19374240428147 364.88193851074874 -106.6298764974549
0 80 294.04737627270435 323.2179251127369 641.1194202643928 -148.98395205325613 295.6978821839957 23.78654380964217 -76.07860934150953 -17.897216564412926 285.7574971426066 63.34492091084514 646.6296150170383 55.19826606375664 270.5334705290087 409.56138828231656 -123.44354018558256
0 81 31.276955551137988 34.69219604467611 68.95283554855112 -15.730253000824689 31.689754315212767 2.7971468485615607 -8.232603087399438 -1.3562428560690265 30.61669205675111 6.871028778218639 69.24935297505164 5.918801426264014 29.1573058664485 44.004779328808546 -13.06573605815711
0 82 35.75848726528859 39.49364657335316 78.36141831596498 -18.518628923074374 36.105222883118515 3.273541176705425 -9.696292702684401 -2.740013586618334 35.09423274646308 7.902309240265967 78.6292423366457 6.476514253681402 33.206655592687795 49.994845484579585 -15.380426642934323
0 83 27.169502631058503 29.993193904778103 59.6496649265276 -13.284203204338157 27.370443043181915 2.3903123993394315 -6.717017915637967 -2.413620180000732 26.506000508197815 5.944572410831663 59.8710168715537 5.224663267529482 25.189164774450386 38.07248040418155 -11.180213643195962
0 84 340.2735939311815 374.29156223308996 742.661622718319 -172.34793349456876 342.32929948621444 27.895264443226647 -88.29307469917244 -21.16419000957151 330.91580779347936 73.57922309636673 748.5081989711011 63.869071243004754 313.27357092570674 474.0954105468743 -142.64016221086138
0 85 266.2435258412744 293.0451007431893 582.4608668303337 -132.8376199486534 267.74163525856875 22.50508804274506 -67.95213161477474 -16.49001512604999 259.384824109168 57.58166808387743 586.4411629405193 48.998748157489004 245.3778502580875 371.3029149070603 -109.94012383902387
0 86 26.224757940771248 29.073739707271358 57.673266882037474 -13.071447574468053 26.46138417035949 2.3201171642385683 -6.970537328583423 -1.3542629674040558 25.683331291905898 5.790819640553639 57.942774668554044 4.997445373511652 24.383590972642352 36.7805220590952 -10.862044108470737
0 87 35.448597880281106 39.131936749162435 77.97648267823119 -17.655286922052863 35.59424556332584 2.8033230649921124 -8.987951041843774 -2.5099744296744637 34.56599572189236 7.63518899072279 78.23604081345013 6.8144487841040675 32.79087596604278 49.47114014194134 -14.661290387352826
0 88 22.13758486981291 24.37954035075083 48.50074546563045 -10.877169095659516 22.2509722426537 1.86647277280844 -5.532255703739902 -1.9191495314911142 21.59509217807824 4.7774778212864915 48.700023821113454 4.151347655636702 20.393529668382737 31.033227011515574 -9.007055408793384
0 89 307.76124151725423 339.06851159911827 674.0016571994983 -153.49948192502632 309.7237032343979 25.978025590709333 -78.54930294232068 -19.377834559736314 300.05726295547316 66.6028991235509 678.2432206761105 56.93820914577271 283.83613426728596 429.5377253015585 -127.14129674461292
0 90 -9837.691118750681 -10969.74662841985 -22354.35082675112 2482.585779736296 -9894.226415227595 -810.5584367587721 1177.6865717248 1145.8547140407104 -9469.274016386778 -2168.622137263368 -21842.144566479 -2265.661182101203 -9149.804075285105 -13884.346771981642 2113.9751162323955
0 91 66.0249855832163 74.04648471579813 139.8323045468958 -38.68405843708571 67.27997697632843 10.89241099717436 -26.77247664759408 1.8564320574471354 66.66346097773648 18.608747349744423 141.78702910540997 9.185201785480377 63.28967041846374 92.72534427318631 -31.791604885527434
0 92 -2781.6547782832895 -3063.4842111737075 -6321.454356403188 779.3013449971686 -2772.4094864994154 81.85848759202605 252.52713122667916 -243.14372900659112 -2541.494522399454 -430.90349415135444 -6394.6404819322315 -1029.5778452370496 -2496.6212250144295 -3972.6052382690073 664.3650008492834
0 93 19.8841656660067 21.749674138844863 43.36411767540102 -9.527699706677435 20.047539782458315 1.765690561565692 -4.817571716660776 -2.441632402068177 19.45115552717282 4.395820949517112 43.69420121111215 3.610172238076317 18.35268184349241 27.67819894169624 -8.080796747900642
0 94 -12121.65418533614 -13465.572365038992 -27544.18854482472 3010.1733636340505 -12162.394923565893 -594.7891131573349 1238.3504737571377 744.0039833678353 -11499.37474161695 -2446.1316684049216 -27136.679063053678 -3277.3101798347116 -11161.488526774623 -17147.147662826515 2535.722154575438
0 95 1.6127911868973004 1.7521317854549945 3.6476691902784606 -0.7772472932443676 1.7695909417367444 0.1440585595821684 -0.38979041110285045 -0.13483443825838806 1.6617800801132745 0.4333823364067536 3.627183448156344 0.37842160319896123 1.5549219592647618 2.3826596861904688 -0.6415515131765503
0 96 1.1154878580510939 1.2897119159716868 2.6672651511016325 -0.5057357434781629 1.2738460285519437 0.032827138398817776 -0.21654981480957752 0.011038854478591683 1.0878983217024407 0.3358535659018593 2.5487363119160427 0.25725615036917837 1.0894543551966238 1.6112127336389837 -0.4980041861994456
0 97 3.8296208194121535 4.238577046561382 8.340667296487691 -1.933092745202924 3.8366636263266076 0.32887158831747715 -0.8652391477259933 -0.22098808224569258 3.7185501086427317 0.8799662623897718 8.407006021281397 0.7197416075274584 3.473606824997434 5.249165196933103 -1.5247764658862342
0 98 1.999389887082606 2.1555658594777665 4.3152652478059395 -1.0328785758091117 1.9672102418562838 0.20581591245174768 -0.5306569223693482 -0.19695093069583247 1.900920479071852 0.3993768697670329 4.29030142203971 0.3096351002699524 1.874570501079122 2.8530031014850095 -0.779917128015119
0 99 1.7758564278241582 1.8727069853018705 3.7147104167725837 -0.7809950032002511 1.762348760255106 0.1321939741505211 -0.3524454913810097 -0.048403001764492644 1.5648274133771372 0.27950502338031463 3.731058188217454 0.3497229797161474 1.643991678450599 2.3357380123623916 -0.7308033052280254
0 100 1.2602329703071875 1.3872443294606096 2.7514399698409453 -0.5161419851260638 1.1990071805762121 0.18173287570190655 -0.23172319036540556 -0.06478000955363236 1.3160965665219284 0.3269526329417354 2.6984496801428937 0.21430203666576245 1.2170537250817333 1.7863849749836505 -0.608705056680466
0 101 1.4783222994551244 1.608782858376614 3.1820363725370546 -0.7100814547739054 1.3486674915862777 0.024086031372278636 -0.34775797103126366 -0.1275316549136916 1.4873269874547235 0.28438411815649356 3.264910130482584 0.30791623216599945 1.4087133850693458 2.064795586677097 -0.5399418120526207
0 102 3.326734446062102 3.656250484750105 7.27535742276004 -1.6816022101727661 3.327801283940412 0.37534410218046554 -0.9145357215470666 -0.25737792466235204 3.2034799617169214 0.6242315334075244 7.442645839358438 0.5709176859483838 3.0258778470152645 4.598194449002764 -1.3487255785058359
0 103 2.479460551738142 2.641082052337363 5.154420230892162 -1.06728551025088 2.4718597119406063 0.2503441311872048 -0.5397392897472688 -0.16315238522909936 2.2257673298798473 0.5261386731079869 5.189916865467613 0.5326102111692348 2.2598220047238637 3.343632019517539 -0.9347521563821483
0 104 1.334220908528193 1.50738955949306 2.9460638969933797 -0.7082386351761284 1.3025116158778087 0.13861781892054312 -0.4062641080715428 -0.06188263129593182 1.27974851395119 0.32314799568360725 3.1524997200141875 0.22630766269700825 1.2407170729930486 1.840245452452639 -0.4774129465844506
0 105 61.17884413581919 67.42089419381496 134.37569805713684 -29.605041224346518 61.620293471518224 5.033926636252691 -14.919041609444132 -3.6613489705979925 59.46570381261808 13.107505715135476 135.05416580278995 11.80379960329183 56.330468856710546 85.44461159599024 -24.839672280735535
0 106 25.49878471885908 28.3255015944324 56.532700510955486 -12.450456237856708 25.787248110546198 2.042815277849991 -6.282847264773758 -1.1804884307792902 24.843035045881276 5.401635354252066 56.73580851535925 4.933856954009247 23.640694327292 35.85809748646512 -10.372007083270077
0 107 74.72584036449366 82.41409803749386 164.04204453918072 -36.39745414520111 75.13012320420863 6.117106336547935 -18.337763922104784 -5.396991108605799 72.69417959457863 16.106374363193066 164.77918107495958 14.241997773905398 68.79714683109492 104.4301857736368 -30.282537461283077
0 108 40.50996171832996 44.78124080551918 89.1915919759789 -19.76843130554775 40.93041068418172 3.552954099031537 -10.052620400197254 -3.016369596636253 39.599974980244724 8.90635144786214 89.5035601020237 7.7808996709399265 37.505177836762115 56.79209474497971 -16.652321503837946
0 109 65.57998118821425 72.15471195992585 143.6530072952554 -31.695688625115594 65.92687032746919 5.201899568341267 -15.811288932662334 -4.4393104823169045 63.54808460794038 13.994121983391898 144.51841429962707 12.786101451670485 60.309873702622745 91.44100938902544 -26.50981030890615
0 110 32.77766979288955 36.260314475477735 72.15577116052857 -15.982184802967607 33.16013353410795 2.6335758886853635 -7.9055584254235 -2.4047595186473623 31.85096803665879 6.949711355324938 72.42637393217878 6.206801325421469 30.28974361329868 45.930215762934075 -13.24569741277652
0 111 11.815072314364343 12.997171390286734 25.977224628190964 -5.778755493570584 11.803253136582162 0.9395316646447839 -2.8141647673101873 -0.6830298240241334 11.502919775784182 2.4308541181929937 26.14404686303804 2.2411924847085944 10.814315685243178 16.56223063702691 -4.731252740432427
0 112 39.66238519334024 43.69411847025605 87.17459120988191 -19.186973292594327 39.82879177653492 3.2910744159397947 -9.87803623327679 -2.8220372144618655 38.643767693001855 8.647111082491236 87.54677800361809 7.442339757833535 36.48379247712982 55.361809542544144 -16.101223301189307
0 113 17.82049669136972 19.59657980493403 38.937437213172565 -8.58702246899854 17.913792226624945 1.573472955406236 -4.330724759596696 -1.2997395713202673 17.225087808938042 3.8490798111597404 38.99956140382622 3.2323908064368223 16.338448036941138 24.720737583062267 -7.25764451266113
0 114 35.47133500994406 39.21359698642928 78.01297422675286 -17.362752517336006 35.84505690825241 2.7535798997215215 -8.58668058323121 -2.8193281824241576 34.611762320276995 7.7018431895852455 78.404558559211 6.871549194715897 32.7546991392794 49.75697851303998 -14.427927328764609
0 115 21.243829284472184 23.386274527170627 46.45876528882871 -10.258898144695717 21.369281301920058 1.6668825889993695 -5.154046420611971 -1.4659942645451711 20.55361890722377 4.488767256580446 46.6837740442107 4.092310014746002 19.520463494339182 29.472037434449938 -8.565999858299595
0 116 3.64331313619438 4.068395230212194 8.175186059454273 -1.8323061768431537 3.852959916954704 0.1812474962350187 -1.0573720189483078 -0.2729323927815345 3.5916256335513554 0.7382076595552047 8.391800972742136 0.604295117936715 3.4803294997667944 5.2804587285423095 -1.4455076499188126
0 117 11.918006057121833 13.235681774101545 26.239849467808558 -5.866302164116183 11.951946063157228 1.0432473293003723 -2.9836714569741685 -0.8302923618428705 11.637300626975932 2.5115992400537976 26.246366197635663 2.1186401665367964 11.02759288621341 16.586365875406713 -4.859879708971105
0 118 7.226338591542641 8.058038851863248 16.081082466329942 -3.638099472767462 7.411494181023567 0.5782135925404118 -1.778036949055812 -0.7690569145687317 7.161968169115952 1.5859176131527042 16.151248984479203 1.4066704460326527 6.703632523567421 10.18884723791551 -2.870411068528534
0 119 23.009985147943663 25.149532275868207 50.232011553419625 -11.10150324869037 23.12656586099463 1.862495239164135 -5.526391886611937 -1.7852242371682576 22.161219488302425 4.83858215988815 50.56859037976614 4.442526818827541 21.031402336676994 31.91838459762234 -9.347104226955818
0 120 31.285637029312834 34.578954791027826 68.81792466823705 -15.30985332839078 31.54197916950851 2.52750460657205 -7.670117548307893 -2.1982034201047034 30.44164600577952 6.657564800445163 69.13003534626448 5.964747737689256 28.935253852521473 43.879065239471615 -12.7208654399771
0 121 14.204605282896326 15.650009944356906 31.321192710652706 -6.969370946779798 14.310882317002717 0.9543373343502692 -3.414907866061408 -0.8828735983109794 13.825926215205113 3.050987728224746 31.449854695124735 2.752790659925737 13.044809721640295 19.90738096512806 -5.71302531038837
0 122 52.06093067192384 57.29314937803349 114.29246804711524 -25.284032811043375 52.32938333793419 4.3288823992207135 -12.843766313331441 -3.4865966172176095 50.547352936299134 11.25762653568419 114.80585885830358 9.814216114239862 48.05287038447128 72.67633798997804 -21.104696428795783
0 123 23.229877867704484 25.658271706267 50.98591951268009 -11.186774707726432 23.31029425893026 1.8620355528720796 -5.748075843325164 -1.791733430045166 22.464360641665955 4.911907301361382 51.162664119563615 4.31798543186934 21.46392543475644 32.44548204683174 -9.494821296279037
0 124 33.69856247164602 37.15593873279659 74.03783123612904 -16.435881722132006 34.04268007348651 2.7129336137044175 -8.118723212943282 -2.6304266603460187 32.696116231656084 7.297702276171882 74.44187201537352 6.4216058969717915 31.16789971747672 47.07778278120776 -13.614090966768234
0 125 0.14362413728207804 0.07428712972978128 0.004658148012560527 -0.017846802707038846 -0.02023020709663863 0.11160011449366515 -0.010059822479192676 -0.10571169909762129 0.03350097848167176 0.1080115695240615 0.035678168549865275 -0.05071716637415005 0.030573094615835284 0.16789256391967877 -0.05268447937275702
0 126 15.00078459718527 16.037233593780318 30.613931057389394 -7.327729000746543 15.001264209309415 0.5189732299696516 -2.9637979912979078 -4.059690135516613 14.165249325747329 3.2561593967579303 31.39677862837195 3.4438772008613645 13.362045718595365 20.158546936129373 -6.173521123486918
0 127 508099.68942205 569975.8772748255 1065797.448391046 -150228.95680289008 516148.1819935915 59617.08020633167 -78090.54109696794 -40812.25218320112 488018.6328098193 159032.54189972236 1011384.0822179366 133176.0370048496 492235.66264854564 703191.8220462801 -110039.55849114354
0 128 38.72910955531146 42.962156068713576 84.97510934078774 -19.065328701815307 39.11683524080718 3.6094014280095648 -10.403871474363639 -2.455357499285392 37.89542693416301 8.507034767616082 85.26611264146649 7.27401195413773 36.034433055374606 54.32976624274902 -16.177539612267836
0 129 26865.868586119937 30682.389156046804 62396.85560975793 -13298.028530154079 27346.885792203164 3579.84674226979 -7928.640285762721 -3.1949020363142013 26945.26267847851 6040.970244372057 61478.39672766202 5457.245037329224 25686.048248701718 39036.84771062612 -11492.669693740769
0 130 41478.20956983461 46690.901448458935 91550.26976505599 -21204.374846637747 42331.86790827681 5770.0179698880165 -13252.607885984944 -187.09368942828812 41197.86021672079 9688.41753066233 92181.23282066958 8172.2730779384965 39307.54788035399 59183.36316202604 -18427.23048172606
0 131 -42.97781596550417 -48.58315119136136 -96.80907588919484 21.11454731642616 -43.67734393242186 -5.800190654554463 12.08599910920425 -0.6932769560523885 -43.012216489522466 -9.281937914650467 -96.90749797498052 -7.524852808906978 -40.67187517025431 -61.378888945178566 18.05084827499836
0 132 -104.89010451048415 -116.5887902468488 -231.54984125244377 51.023239974564824 -106.05615085094817 -10.534125092733499 26.651562507471525 10.343387659191853 -103.17870632461448 -23.320242064029106 -231.8186479641407 -20.465423729378678 -97.84384925960246 -147.4401264065559 42.61348575372461
0 133 28434.342112832586 32047.60469057886 63708.812817688595 -15024.760440548733 28764.192630571037 2142.751166249367 -8876.831891711146 1610.2722587590256 28206.06572600132 6292.797711601552 63919.417805757206 5459.642655069664 26821.4576117766 40604.675788122906 -11934.001383441919
0 134 -9230.615746399853 -9913.892438140685 -19416.252967522447 2968.9455734482235 -9227.183590272183 -660.9830412087795 1180.6074546919917 1489.5581648713548 -8751.943918859297 -1907.0456816822868 -19927.570091398436 -1794.2013167091031 -8290.842654029395 -12510.151263800706 2449.1154377138746
0 135 352803.50670068024 405477.73003147513 851552.2710468683 -114558.91211539737 357636.0449759762 95785.13336201123 -55197.41128533859 -5210.26068008943 335920.56869516225 72217.24577377856 850015.950143292 118287.4953481082 331392.85579783696 536703.359899451 -181743.19197064842
0 136 0.037688551085972286 0.09220429846658551 -0.01373451431258153 0.04224749442347358 -0.020551239414809915 -0.07286217246056394 -0.06696680032367859 0.09926980931700558 0.052452600123854734 0.08579014912728386 0.028048369909500232 -0.004819309713457756 0.026914401159315836 -0.009822861036142026 0.03490054341875759 0.024943042263182606
1 0 0.029671161493326225
1 1 0.0927435656530071
1 2 0.10967746019849958
1 3 0.032353229664772436
1 4 0.011971442970273
1 5 -0.06170854960422384
1 6 0.030155196042856745
1 7 0.003540458547010227
1 8 0.08272845703422751
1 9 0.04840231412438823
1 10 0.05552822264078584
1 11 0.0319385667264823
1 12 0.09441026874256812
1 13 0.07726935029165409
1 14 -0.032277440429283495
