## RankNet
## Epochs = 100
## No. of features = 136
## No. of hidden layers = 3
## Layer 1: 10 neurons
## Layer 2: 10 neurons
## Layer 3: 10 neurons
1 2 3 4 5 6 7 8 9 10 11 12 13 14 15 16 17 18 19 20 21 22 23 24 25 26 27 28 29 30 31 32 33 34 35 36 37 38 39 40 41 42 43 44 45 46 47 48 49 50 51 52 53 54 55 56 57 58 59 60 61 62 63 64 65 66 67 68 69 70 71 72 73 74 75 76 77 78 79 80 81 82 83 84 85 86 87 88 89 90 91 92 93 94 95 96 97 98 99 100 101 102 103 104 105 106 107 108 109 110 111 112 113 114 115 116 117 118 119 120 121 122 123 124 125 126 127 128 129 130 131 132 133 134 135 136
3
10
10
10
0 0 -0.03288224606086514 0.07629718546367614 -0.06189912157443406 -6.969077250186645E-4 -0.08221008601205783 0.02873036027709102 -0.00964505303296063 0.00731417365601374 0.07657685516621571 -0.05317740140277871
0 1 0.057600366801250955 0.01237783823764463 0.05475989747497962 0.09363993993416561 -0.011517528122234423 -0.017610430856003563 -0.020593603701351274 0.09597449779708396 0.03688874598415972 0.06658571496052386
0 2 0.0883590683571865 -0.09473033996546887 0.0021487935525891545 -0.021473386633299257 -0.08162424548649291 -0.06248435651456183 0.015788516696773277 0.003523190639457409 0.08180477563692434 -0.019705453481617785
0 3 0.04219383224119495 0.05449446988769001 -0.09263133028131396 0.07712951671154046 0.03795687100902984 0.015356006307145453 -0.04065018192857451 -0.0796778023519631 0.02208507686141024 0.0943448962108077
0 4 -0.05126587461032892 0.05328668500065803 -0.041402035788060405 -0.048332961272339076 -0.019654322909406503 0.0973732878407877 -0.02829956161568618 0.057255386749115775 0.08639066742414053 -0.03623054582607787
0 5 -0.06487447484158664 0.03611066686254944 0.09493599231325477 -0.08018768129258749 -0.0969676337145008 0.016394568329449744 -0.09483156459288916 0.05651674786770474 0.09475420261572 -0.039957794517324945
0 6 -0.014469422384385415 0.0133959137440391 -0.01335059617996933 0.08973145588509507 0.07031834536110584 0.07660641059405186 -0.06851842959388851 -0.013100609807925115 -0.01902929863037373 -0.048830509911624805
0 7 -0.017128311899749546 0.039449432149110265 -0.05057691472531304 -0.05688337349185361 0.06321551511182252 0.09196242047323407 -0.08461488304936007 0.034077017184428834 -0.0416574182929633 0.09227727231517982
0 8 -0.049600019584104024 0.08821347647202953 0.030603724239303336 -0.0010721277757673514 -0.05521666700592846 0.04439594546146604 -0.07914330527775418 -0.09565802910086948 -0.03844742408613983 0.07099956907903929
0 9 0.08550091989365582 -0.010567568553498562 -0.057086448294823934 -0.0015991024627527287 0.05403438357036667 0.03830219716019944 0.0026424319029840376 0.02349293480332879 -0.03167901234697957 -0.09867837401283877
0 10 0.2602025534399756 0.06707998410415947 0.043573219905027355 0.23273159172336694 -0.4075003189464739 -0.029866796813648223 -0.22985590591432345 -0.2941306849554811 -0.044116051746992374 0.31340743136741994
0 11 -0.0992405149788364 -0.029754291301010944 0.09652622543463894 -0.027405807571779735 -0.05583856436225311 0.07879169407492136 -0.09415691725789235 -0.037728762818289144 -0.019598417240274463 -0.01785669226610803
0 12 0.050803148410997964 0.04434841423927937 0.0586496888927106 0.08184112865900589 0.06767602348264637 0.05648184126339492 0.01464723157929692 0.08212857664148984 0.028874021023055557 -0.050444804351647894
0 13 0.08335267800469959 -0.013920334110063708 -0.06345194365982341 -0.07320788917015 -0.06413701447496305 -0.09145976108334591 -0.08104285916336651 -0.08853283497635285 0.06676267234956573 -0.08360407087170406
0 14 0.25887814772114826 0.06685382009602085 -0.07033571210926949 0.3135735972830425 -0.3823346716416632 -0.020733165557377423 -0.3217804443743863 -0.1548869095650374 -0.1230891147277648 0.16345513230163788
0 15 0.017816906766602844 -0.0776755487138669 -0.03490890725148228 -0.062221756958950554 -0.004225845354272847 0.0351392589699044 -0.0526675586324855 -0.08706962266181176 0.08759182402513901 0.06185516563183565
0 16 -0.03234422289830238 0.061566920540252576 0.02517281713743447 0.0991135118110349 0.09351076538450154 -0.03595265380058956 0.04160336592798792 0.027116670549108452 -0.0701466105017213 0.06193344397839437
0 17 0.06336989088793367 -0.08580101461258648 0.024904147506999933 0.03523751141390034 -0.0019205091665187035 0.08751726686012466 -0.04767894525210487 0.026280134168102647 0.0305312328736318 -0.03997222083420586
0 18 -0.09429477112533761 -0.0030413740450336794 -0.002322138879925093 0.04193660204443805 0.005737567599787169 0.046909130827359195 0.06250710408469286 0.08194788131889091 0.0950072171626853 0.0316674786847445
0 19 0.011014886807084021 0.07236094407768452 -0.08383683509341086 0.08762550458060242 -0.08657890056257879 -0.07405090344429972 0.01944362733014288 -8.080833825605641E-4 0.052716447139822015 0.02414012188791524
0 20 -0.022579257042612325 0.0032145223840814 0.08505460665369098 -0.07654698079570688 -0.021306909495841103 0.0875002566323627 0.09712319748165693 -0.04537510541052723 -0.04336516880700503 -0.09268416591795631
0 21 -0.016115951622006262 0.09041573910771379 -0.08699109513501599 0.0387899200767377 0.06065138551850768 -0.08731608315248714 0.07627972617223848 -0.07096876247693878 -0.07701611057362247 -0.028910614645976707
0 22 -0.015384266510924446 0.07142313346680124 -0.005377539297739216 0.05153903023920107 0.04335939560965012 -0.044920626225946385 -0.03686605979026782 0.04915599302089403 0.07744969375617185 -0.03892831896039766
0 23 -0.03103209099265289 0.081266921291014 -0.0057740984344323175 -0.00906602838478181 0.056971107700017794 0.04702531088416914 -0.06372630323967493 -0.07212057398616506 -0.021972476471295216 -0.03877142274139858
0 24 -0.11646550875244352 -0.03274541636173254 -0.059060355660715116 -0.011187942012537047 0.0737849055560784 0.08212661995746545 0.10644276083524627 0.09418234231905787 -0.021492056566940084 -0.11543399826698844
0 25 0.06790009437230315 -0.02042206441314584 0.06992337674721202 0.06590208848350002 -0.044796590848092455 0.04921636662457867 -0.04416669333322501 0.06665013875490643 -0.02488132143053544 0.0456534325494495
0 26 -0.016593813049610027 0.004023813069096889 -0.02536352379576217 0.08185341272600126 -0.014693425811260059 -0.09580432016154357 0.009614626505265237 0.08818932566410005 0.038585746647500474 -0.033158746903737546
0 27 -0.013166263574649343 -0.007526233928763336 -0.009799616638303895 0.027835535284997295 0.04423711226094053 -0.08922604665218213 -0.07236962742374918 0.0881854505131552 0.05668229476858444 -0.0750011501161583
0 28 0.09253672163863197 -0.039001815513979236 -0.07687797866925652 0.09629784250470581 0.026160745365243022 -0.05816556945683932 -0.045670067589389816 0.027257701211651237 0.09483235916489724 -0.04512018043025959
0 29 0.028920038921530777 -0.0033462527612344002 0.014028353620426422 -0.026848140892945706 0.10854732042884514 0.006878301140568732 0.11058229671287147 0.08049627451972252 0.0013294060737776038 -0.0036581018825636515
0 30 -0.0268389591965021 0.010863828343546836 0.031672004531419634 -0.0804743536915695 -0.02156471536999752 -0.07455960817391999 0.0079333382112587 -0.00449752581819403 -0.0019682762022474928 -0.06794891367426699
0 31 -0.04245415233119121 -0.03676021930162149 -0.0492684572088057 0.048685845444327434 0.013619947378157785 0.05863666566668376 -0.02797492296026098 0.08865931063639397 0.024621771281027112 0.09430006027230299
0 32 0.021291483454864136 -0.08890557864759466 -0.08035511974251028 -0.07898788057217132 0.01245705106857314 0.05500352154826696 0.02554936111379271 -0.07175378916663444 0.05699453448918761 -0.04287100490217587
0 33 0.05992325317968783 0.0862168190141687 0.06688636193576282 -0.04561412062306375 -0.03465625635453276 0.010684857533205252 -0.00645944584739225 0.06805288209978777 -0.02031041808435264 -0.010700778776250983
0 34 -0.027861118252283372 -0.07346327069326632 -0.020821163319265385 -0.10464298879369288 -0.04111415806366829 0.03487251135682819 0.10492503266348967 -0.07257920943058022 0.01889568583781344 -0.09734176291561523
0 35 -0.08833496699968559 -0.06591218693738878 -0.06372280052536948 0.07264784925379845 0.10493703392027008 0.029335168817826014 0.08853378751149818 0.07930418790321397 -0.04893186825478483 -0.09410648802285929
0 36 0.06404976358264518 0.026258001106817593 -0.044602505894454456 -0.09684075903824638 -0.07827811247034966 -0.005277947269522398 -0.04649954840613829 0.04158744935906336 0.07473770419410752 -0.02598378913810091
0 37 0.05659455830445902 -0.012940470436714837 0.07349734544144662 -0.007484696933476287 0.03888711635601412 -0.013361930213564624 -0.09014785278172538 -0.09790565838580359 0.07842332666994606 0.03039904756813115
0 38 0.04520170088613722 0.08200656000014878 -0.04916242270190224 0.03836580910256532 0.02756702609463931 -0.05249765627957407 0.09416637915084036 0.019777224987203773 -0.09564249923887486 0.055110878838732065
0 39 0.03428445610205341 0.041233014464482076 -0.03894053750796111 0.007995143205417969 -0.03012611247311606 -0.023508912493958544 0.03009128977866061 0.04808704601533712 -0.07671157309640027 0.00548705470551051
0 40 -0.012685504508329323 -0.043860663788601845 -0.09360169886246954 0.1491700600963994 -0.09771062858661382 0.10215016586801415 -0.20559738396885138 -0.17295597232633292 -0.09571984509736356 -0.022551778054738986
0 41 0.08706436673419815 -0.03029725357155065 0.055775847590647236 0.06473004545308475 0.05791887734436589 0.09712386341789189 0.03257201388455215 0.047977775439216164 0.023811493718768624 -0.07384540037471973
0 42 -0.06982897602629382 0.08983983519715136 0.08587581554884884 0.028716716659029806 -0.03996647152180649 -0.05524257021569461 0.07669352867119314 -0.042670014901567854 -0.09180784073958533 0.06564374384364881
0 43 0.08219378672854925 -0.0350809615324366 0.08375300565851353 -0.05097424466650058 0.012503985794978106 0.07341700798420246 0.060430645479978715 -0.026362399706449165 0.07775346378543607 0.08414735225651095
0 44 0.16075907300967804 0.007921712635444734 0.028045839393363584 0.11180214387370276 -0.2056872613709059 -0.08142415123223655 -0.08962011933785859 -0.058023838330212345 -0.12071445453330666 0.10606791959481492
0 45 0.04667797574772859 -0.0698886841646276 -0.09279278237574563 -0.06371029430238219 0.08440641660329536 -0.05212496183446216 0.03286982895830252 -0.02801784726292108 0.09607013418383845 -0.08319485473826001
0 46 0.03120962780365854 -0.04219256272280395 -0.005144385849363135 0.09721166093256443 -0.007642338656643416 -0.07680787774209744 0.08359822661278074 -0.06240590398394843 -0.007263557681645383 -0.04033730952601045
0 47 -0.030597516849408438 -0.06255374359431048 -0.04766304542483927 -0.027686769139387998 -0.044301165045449314 -0.0874066432475971 0.06824238681764798 0.08692052145567096 0.07274587043257678 -0.06791552816430335
0 48 0.09888019233382302 -0.04430158614586538 -0.05367830878699179 -0.04379913926481873 0.05024679510198811 -0.08225189689121468 0.01882121222621136 -0.03663683542391116 -0.03499649050581076 0.09412317057043801
0 49 -0.04394356067979371 0.09970431786157494 -0.03799630452280947 0.05439036696530717 0.0014579011663374683 0.06073010143611029 -0.058435140747344835 0.022574960410336714 -3.2010363078195127E-4 0.03498830468809633
0 50 0.05590761360623126 0.07229650899452002 -0.06003403563768307 0.07566049818089444 0.05840365657685491 0.07668791673459505 0.012661835372097956 0.05223846961839762 0.09125700362528835 -0.00332439623552835
0 51 -0.08886790633275349 0.09552933248504167 -0.028096366026043505 0.07425371524676032 -4.2530038547347463E-4 -0.023478183157613006 0.06559848566911705 -0.02338287765003079 0.09879806607356185 -0.06746387676768824
0 52 -0.07613419474097169 -0.038767082161735626 0.049874677308518064 0.0514473379161698 -0.09845202328554042 0.014718136951455147 0.04416123950155383 0.0393349078971047 -0.08538884411016756 0.04874905352222088
0 53 0.022666902666578972 -0.048358311026613865 0.034793292169976196 -0.010344008357105788 -0.08699113949321237 0.05626642802933106 -0.005307837434634793 -0.0751677092881235 -0.028272554953220803 0.05945439201841655
0 54 -0.025087814567274616 -0.07146996913274446 0.004065489697501684 -0.027133269403755243 0.0789482924686001 5.479228335715307E-4 0.06883609110405912 0.08851229682272757 0.08445896519228115 -0.006745738702580182
0 55 -0.05553311411395719 0.025751523726109983 -0.04090400323644122 0.04618570612366428 0.09733947673115802 0.09919550971217433 0.06896067052427604 -0.0674236908476431 -0.07205264693958202 0.020160939548516096
0 56 -0.04127504032420027 0.051879035967755956 -0.05073803710754851 0.0996414641451877 0.040946929187800934 -0.07997811211833324 -0.0315312164554877 -0.04379070474189116 -0.07553268484601894 0.08115086673793978
0 57 0.04585879679494195 0.03668826392053361 -0.01680061507805389 -0.09908596422703776 -0.02773189425804715 0.0509932211509569 -0.030722752568093474 -0.050362767623628756 -0.0519342058745133 0.05283075240212906
0 58 -0.017812635887108772 0.09167555781306816 -0.05516620795688901 -0.021623570297121173 0.07566509683853433 -0.0018821554287410081 -0.07543672974540394 0.08778774617690474 0.06466594284489911 -0.0879046413871095
0 59 -0.06103533522420695 -0.007227276799797188 0.05315229172185944 0.07025105704239175 0.023820947657579354 0.022393772546621345 -0.08935599270878651 -0.05534685466638726 0.040825808729956746 -0.03405931105450964
0 60 0.058990491911838375 -0.013805329049151351 0.03166330275411139 2.47033540609991E-4 -0.054971427521319144 -0.08588882692252207 0.07568932595075573 0.0030596027538383475 0.008604085101725742 -0.007011274290099387
0 61 0.06615258461724773 -0.07447034027676312 0.004100005266739419 -7.589049454012822E-4 -0.038265564059818555 -0.05478273400222118 0.027604280418119347 -0.017939013866523648 0.04699097944705342 -0.061967840433897026
0 62 0.07987983740943644 0.01120198796642793 0.018215034221789835 -0.08865579996214118 0.020776426918956623 0.01743783577741899 -0.04381150842382211 -0.006743298591538213 0.0893999155439707 0.09405308514564732
0 63 0.039839053677919185 -0.05272780084424179 -0.001938498648247927 -0.09107697978672546 -0.04246050738913848 0.08313425445782563 -5.854759608031983E-4 0.06612994265564305 0.0768151617309603 -0.047001174394366185
0 64 0.09145774840158481 -0.05325545959001966 0.08668956895178273 -0.08796036494723587 -0.09759272528707996 0.06675390710509985 0.08434330396848058 -0.002164177690173273 0.011282742400263248 -0.0845064427292872
0 65 0.03975132578150166 -0.005850819976898984 -0.0318222338089829 -0.08663101876659213 0.0032888105824907575 0.029792481701179322 0.03669453247067181 -0.03859754489401961 -0.02459589547132366 -0.046945526700235975
0 66 0.04326694616541839 -0.09788605256484312 0.0092214121139591 -0.05560232926874548 -0.08507195497450888 0.09356038445917382 0.03180296402034955 -0.08706961105287285 -0.04357680666284184 0.07378345410420015
0 67 0.00747330777201406 0.07987239385524196 -0.04807670312439789 -0.04209859562023939 -0.008324767848060001 0.06406142796695091 0.08052169744903459 -0.006241689061492447 -0.09993351527767913 -0.029344062426969925
0 68 -0.09950602720416409 -0.04479902225151217 0.06474424943326089 -0.008301896135619175 -0.028269353676824607 0.05627025358957901 -0.07350925653501615 0.09223244172228358 0.035234588245057125 0.0928856237228076
0 69 0.06385077818634743 -0.0112136274607665 -0.07239096583720363 0.09714632479186258 0.08584605679840791 0.05229636099463217 0.026835199553276214 -0.05293037739828825 0.07857412925509544 -0.060138688196539516
0 70 -0.1489982033841481 -0.03170006805320168 0.04873825133100266 0.004701561379422042 0.16968916205630669 -0.09573082935466591 0.04105839638479596 -0.04586397340956157 0.02173834340742145 -0.04248961496782788
0 71 -0.04069587881188117 0.02771972404433295 -0.03848091267280099 0.09096605673108192 0.06581762454090608 0.051794091267987084 0.07051308518765742 0.06421744010901152 0.056493866869830704 -0.08176107185345431
0 72 0.052489433110245114 0.061083074991388674 -0.04318533556218681 -0.048207304472769774 -0.05505158769317593 -0.0627172347820724 0.10175751034645199 -0.04828441016409174 0.014893398906708181 -0.0743535346683807
0 73 0.03654751972581546 -0.0988329689183408 -0.03775068284357456 0.07872710480046226 -0.06194512610797549 0.0763797834911451 0.09124214708407474 0.003940626619900686 0.07784042148409881 0.08837740894727607
0 74 -0.11030698837529956 -0.09525841104766665 0.016572434059772836 0.006659551750279472 -0.0021292002063441253 0.013212937833201245 0.13323958324740484 0.02503381380511197 0.05736707731308491 -0.12931855392158334
0 75 -0.06697287694853087 -0.08534314989928263 0.07607872865402467 0.045939494892704276 -0.012699213108854926 -0.06384849724979882 -0.022807618067763505 0.06124960744044134 0.08841934484532861 -0.08626624318773783
0 76 -0.04570393339532518 -0.027900208098655076 0.043797601836171825 -0.07984862932313821 -0.06622097198091985 -0.005402176664785576 0.036153803480664645 -1.0860660725798402E-4 -0.006247617719873322 -0.0014112754260985725
0 77 0.005836166185144238 0.04674001331472197 0.0729197396384357 0.0025757506757698055 0.0278530098909233 -0.024261466001328134 0.09693922532059633 0.024194145086083786 0.04848301447648628 -0.08829843429705547
0 78 -0.08595461707066315 0.004896162049950326 0.08654916479750963 -0.0347089011511875 0.06581242928475493 -0.0803909395974201 -0.02800095028326431 0.049881490189698875 -0.030883131546483245 -0.0010347256183054895
0 79 -0.022906596657385984 0.024711521834469077 -0.02103556618910009 -0.040508566247278895 -0.023248340703381137 -0.09863419835112168 0.0924554458544474 0.12715853082806647 0.044854945390769035 -0.06039589365828989
0 80 -0.008147937676107676 -0.0191851613633037 0.021184480075524228 -0.09043074131044433 0.08550785655453357 0.013540331243147142 -0.013559710461464636 0.016968915921958323 -0.044373728025378645 -0.02015013663851977
0 81 0.06621885486887508 0.06968821402381212 -0.07715855718900654 0.09229784388953187 0.018370437871422632 -0.03667740561312644 -0.08469649450856734 0.015679761049784535 0.05724080687010822 -0.0817073273861881
0 82 0.02208277116169738 -0.0545260801958255 -0.08277825788774855 -0.027366557606655028 0.054001991334990194 0.019563193064353453 -0.08844096160673423 0.06648384845914068 0.029988726872656492 -0.07820529692072169
0 83 0.04290219650810203 -0.07077082708714387 -0.07229902647364014 0.07813959646026018 0.09718443240182822 0.016806861977845335 0.01870482668900068 0.03154495644853533 0.09179923831427307 -0.008976565283858316
0 84 0.0373010970113502 0.03935916983146683 0.0784900968095018 0.002493329114564786 -0.03066749034187667 -0.005744280795033348 0.07050464543234586 -0.04814949909848235 -0.05915531785259732 -0.05172988000440108
0 85 -0.06394850317863979 0.036593807625823455 0.014183969653817163 -0.006983393998024104 0.042940036696014865 0.072857042904868 0.09778157646905634 -0.025978096981352995 0.06651500063457429 -0.12904481898845427
0 86 -0.058589134314272893 -0.06125482610830621 -0.02492600306950879 0.047972123227353454 -0.04395944882365111 -0.016234674258777556 0.025553605531556726 0.06201010278615125 -0.01691156915573278 0.08308936746029749
0 87 0.05118538872845133 0.04549998781647461 -0.0029159546854172535 0.029728217849699624 0.046575824228137365 -0.095069367702622 0.019665213794569876 0.0843572999485455 -0.08893605996945123 -0.09371883618415361
0 88 -0.08615646805382153 -0.03193110939943678 -0.09133431242284627 0.027304124312449735 -0.04879452302198224 0.014364346835089107 0.08658237942200812 0.029076560446255884 -0.04991041050841011 -0.005539609726580564
0 89 -0.050390624189052824 -0.040145448077017164 0.09747500015433534 -0.10146660782785313 -0.04054633737727382 0.05092160567633297 0.029738741826766633 0.017849673396744117 -0.03525066334623701 -0.08402707259151278
0 90 0.9155632351233886 -0.09394129735127532 -0.028497272351134445 0.825240653913057 -1.9361506100027333 0.048877252687967186 -1.9243062266692879 -1.2929360144846016 -0.5313952128412219 0.8895956231134486
0 91 0.042067553087372776 0.08871712136553814 0.04843770854187823 -0.052221013007703376 0.014917590756864399 -0.048922579570957636 -0.08699446808470039 -0.030913441512939288 0.010527862263594562 -0.0522000271520641
0 92 0.27365646500108715 -0.011159580424878454 0.047610320096034664 0.3016440850038177 -0.5341323586989968 0.029703955280767965 -0.4154157071952055 -0.3692262790610525 -0.13382515800405403 0.15193333264569564
0 93 0.02769754778651432 -0.04140395378966847 0.06252857751639564 0.05101402234296302 0.031767488790960696 -0.022393352406143558 -0.052885512854167364 0.10175870516963402 0.0489762138643742 0.07826941819996884
0 94 1.1486588343299788 -0.15741365400221496 0.10214774353645728 1.1271309053997347 -2.3938389226847243 0.06234063213175767 -2.2311660166362524 -1.5012607255044947 -0.7161541271929137 1.0695160852651453
0 95 0.02492750548943546 0.04449905306131455 -0.07182206805143601 0.048596035784111404 0.02703393955837096 0.017379224876665312 -0.08734663716271254 -0.04569977331504903 0.004172561060348157 -0.09667610754056737
0 96 -0.07201947997172516 0.09932854551439187 0.008669468419434228 0.012292137657315363 0.08986774456082626 -0.030460254473468763 -0.06656481636256258 0.08106760834392683 0.09721205442796642 -0.03652906622910663
0 97 -0.048511098985958866 -0.057388900268505724 0.06192715797224525 0.030481317046564312 -0.05317046322685552 -0.05749410929348643 0.04628654307935632 -0.01550857745046413 0.036665518048394796 -0.00600801270915327
0 98 0.07682902622399783 -0.04435283740358988 0.08313014634355428 -0.04376574719880845 -0.05894841315676158 -0.0585623759791178 -0.030288169446964903 0.025449091192580642 -0.022035562391698692 0.07940549718226056
0 99 -0.007730245761721198 -0.04670692069634771 -0.05389325634618023 0.003458679238302589 -0.03490755108793663 0.013972163072067997 -0.017714915885502912 0.009531526546832803 0.059237603602734994 0.02931747444698524
0 100 0.09002466797076569 -0.01684878355096161 -0.021463451381024422 -0.08691940858364174 -0.03082447374992824 -0.044328925833057815 -0.03178062312312636 -0.09752642432411637 0.042550624014635045 0.09711214591138617
0 101 0.04192242210803906 -0.04321088185357579 -0.044438750968409324 0.09192513518451662 -0.0761706873385782 -0.028125190867787822 -0.046343201242362034 -0.05771072871984479 0.031400111785097565 0.04178498779760186
0 102 0.08389856523996528 -0.08319425807402495 0.007557029846087708 0.07745030930272181 0.034484430643167634 0.07524899401297193 -0.001806821138473007 -0.03489008572846399 -0.019704328622165715 0.07478821952528872
0 103 0.05174238995652171 -0.03939558111566206 -0.08313479975647435 0.031613658713696015 0.08159301991766252 0.04274516640324075 -0.07994413915695925 0.06980326284229718 -0.08394036155294399 0.033352713478258154
0 104 0.045850035682195624 0.09731636531837595 0.038426213204618906 -0.06828516775057356 0.060571343783388944 -5.761824644785375E-4 0.025355453235438162 0.057084500081735594 0.029518177545311164 0.020964501201989606
0 105 -9.029412544460805E-4 0.08667918710384018 0.005137630650167368 -0.08976339893770989 0.019959781701885112 -0.023098408986653253 0.049735858900095666 -0.028604122456473723 0.007681418242582325 0.047499912663641536
0 106 0.09305899508197932 0.01964448119146371 0.03969488861453145 -0.06585806782385838 0.02478955677643023 -0.08682021332245163 0.08436390425484627 -0.030305942986942745 -0.0832817698605321 -0.029776595490129596
0 107 0.07052884678111605 -0.08235480265209552 -0.04359885306833878 -0.058292626859529156 0.08941798064404886 -0.09767552713497345 -0.016052435414447164 0.10744140330098015 -0.07233215540265023 0.0746894760199011
0 108 0.024079032560314916 -0.08383170349341444 0.07278585154900172 -0.007370263779536335 -0.04458483848503375 0.04034034929816706 0.0753683793996565 0.09800076276558115 -0.008658511077216517 -0.05981878863115701
0 109 0.01571789213260503 -0.02731852087519319 -0.017204411067574168 -0.045921860818250275 0.08899852094987526 -0.06890004636619225 -0.047826010282430956 0.0077134420474131524 -0.0502933704979207 0.0805861916976237
0 110 -0.08447767184664332 -0.029381758189233293 0.05816880442258101 -0.07268037160514454 0.054379119022523806 0.04025906836056041 0.029757057164109663 -0.01767263683789304 -0.07109025569622314 -0.03490621397571829
0 111 -0.030566292907457545 0.0103210922717301 0.024834051334194116 0.05596695184406678 0.028219999788720272 0.061847047722157635 0.035168986193452025 -0.08029424344893611 0.0726280638397935 -0.0426141278910445
0 112 0.07819977850932727 -0.0733979395191587 0.04603061544876711 -0.09308387058619302 -0.07218474904793515 -0.05222673537926996 0.03017903095538997 -5.324927520462157E-4 -0.006234335282051286 -0.04027142085657154
0 113 0.08407677697468464 -0.08066315587329169 -0.08211530500368566 -0.020309847701979418 -0.004310924185632243 0.0863683775854566 0.10185715840854215 -0.049344602292171254 0.08841850266734394 -0.031512234227527115
0 114 -0.016776235054948928 0.08418772823930658 -0.0886551655368837 0.0486942065377514 0.10449584834038697 -0.06541093944089105 0.04227513213673489 -0.08969861558391518 0.0358173291510634 0.018929125707850488
0 115 -0.05119535415095796 0.031479181813341924 -0.002540430083186553 -0.05036420080438922 -0.08145936032619071 0.08758191359058054 -0.0931855222888953 0.06163596156965845 0.09985484947816166 -0.08962380690789092
0 116 -0.09774000046772095 0.04249422707254669 0.007033481273070855 -0.05724695088248661 0.03284722884072233 0.00820216176572108 9.044931333550709E-4 8.026650125213784E-4 -0.07616883636133033 -0.0049509719112049155
0 117 -0.06250249123110545 0.05141972780962706 -0.05933996282783506 0.05539784207471185 -0.039930878889599494 -0.051586624216352475 -0.01961394220220715 0.008287806554057232 -0.04362288679297425 0.03073837706483163
0 118 -0.06951807698397677 0.05079309895395098 -0.09813816782068346 0.052473762611073296 0.05130647529186588 0.014740941873995628 0.0574319941002099 -0.05355635453574687 0.015308756764724393 -0.005799707501875631
0 119 0.07660030831479939 0.006663085677317043 0.0640208223843875 -0.046023702166498516 0.005057224434757003 0.008754785522530534 -0.05959203736106597 0.0765452043279413 -0.03195221999867722 0.05464382539779465
0 120 -0.0604862742065622 0.052363485890884076 0.09945176466075832 -0.035894558373289503 0.05547333122937304 -0.04088788300327222 0.0634665932915067 0.08888316379613866 0.055197877790407454 0.044780630937226826
0 121 0.09062497805685277 0.09963918544937801 -0.0620162502433758 -0.004494908355937134 -0.05254256597228854 -0.049691951819630195 0.012970347777339858 0.09393093636765848 0.0572359567590526 -0.07482994751400301
0 122 0.03798658620115186 0.07807849167708868 -0.0116488987769128 -0.07730673678016226 -0.06334908980031297 0.025010728702180542 -0.04900352801767473 0.06880605302811926 -0.0930667347282904 0.04355734299527954
0 123 0.09250678478181089 -0.03352651774073784 0.07685736723016026 -0.08440883166280681 -0.015303787447785303 0.02446331466739319 0.09271346382761209 0.031311231863133004 0.018528152812010503 0.025733587577031213
0 124 -0.07716075935307419 -0.03403886349408433 0.08239811243094777 -4.7167559929557943E-4 0.06459496500641586 0.0910498083381595 0.0711259259046333 0.07391479901274442 -0.05109313019985895 0.09103461608942255
0 125 0.07605564702689112 0.09658937173439744 0.02987211795536432 0.03553268380727113 0.04636914955886374 -0.062362669585624024 -0.05089246367696545 -0.07324158893970854 0.03359714944121991 0.09327907383456685
0 126 -0.056552605778711205 0.06190758835836154 -0.0694498151873629 -0.10150538213609342 -0.037147096002944385 -0.04677448924296983 0.021535004884407412 0.016752098599301313 -0.02482255318322518 0.052946309564610286
0 127 -41.623931546829155 10.082613474903114 -0.8104680173939517 -32.19374337466203 73.89781222683035 -7.579286710025584 62.737331727356576 40.402702174819844 17.76588154454648 -30.823417641517327
0 128 0.033560305933874886 0.08222972678492087 -0.034566903788801805 0.07410224105231666 0.03344195328767372 -0.05211360602235757 -0.001701321487996546 0.0325053532834346 0.06329926559353985 -0.019564118668994355
0 129 -4.056848770897676 0.3351085984403074 0.0068238749756313385 -3.714085915874854 5.236234717026695 -0.3674670880050254 5.114167447226908 3.2783644657118822 1.5071122718731436 -3.5681069528175873
0 130 -6.223344048949213 0.28017767495924073 0.053604113685592085 -5.418091394577076 7.5514378166534835 -0.5407224128828063 7.530285929547567 4.748212418295602 2.129534894781022 -5.467522965979756
0 131 0.0861784762994512 0.03999809339255733 0.061557935263151266 0.027703881851189806 0.03487090809221253 -0.03360712174186775 -0.03288660952191882 0.08288462936677754 -0.08434090565232297 -0.08408451311470565
0 132 -0.0718039506306857 0.09802976371358652 0.09687888848092378 -0.07002563979274447 -0.09030817409329202 0.08966220895021404 -0.08588274046130395 -0.06028359514679961 0.050930497094856975 0.007289776904455311
0 133 -4.177164966180516 0.34681357829029286 -0.03938123880646919 -3.755683995208275 5.002471160065143 -0.2799409258084679 4.892517219164955 3.066958527771406 1.3903352577160708 -3.9510127790461356
0 134 0.9438694471797071 -0.12205210639292577 -0.027094402855152928 0.9081232383191223 -1.8532551885273811 0.14547544251178696 -1.8159034546388082 -1.0276025800150204 -0.5896646214158046 0.7777693932407221
0 135 -58.82789788892641 4.728823318075149 0.8907217738326063 -53.06291389145553 73.74323063853087 -5.152164193228361 72.71028282267851 46.19222517990201 20.671405325352854 -53.55306303762468
0 136 -0.07130953808369539 0.0012093252481368364 -0.025254323013549063 -0.09618001719206255 0.043166088308011344 0.04027856551463338 0.006615744484786918 0.0554311126934272 -0.006963047426831543 0.09117406868228736 -0.06095526456295839 0.015085085481069856 0.028872034934632584 0.049378225618351576 0.0705911962419378 -0.0828324265187855 0.07622244958287756 -0.05054695844387783 -0.024263587633587883 -0.06687511044815078 0.03083926383363229 -0.0364378450808585 -0.020082830395119815 0.02211653395720479 0.049519622931477214 -0.06586503677046278 0.08190529302660521 -0.08041379931978404 -0.08976328733937107 0.03513020952516423 0.08096894129086638
1 0 -0.039157907355467765 0.08480309818895512 0.03310697107424865 -0.03288218810444135 0.08463301614027123 0.006900715567944936 0.01284571949406083 0.05429347542718104 -0.0474731252200017 0.07570880409898932
1 1 0.030549121258020735 0.07908392948936181 0.04704493681250405 0.014708884256994117 -0.02723475193592442 0.028220527560424688 -0.005009768760959934 0.09880426949613655 0.0424734842883731 -0.04081383441284004
1 2 -0.08317900304093609 0.019407272476547662 -0.021940979245467004 0.007718932469630927 -0.04997076646227225 0.03135500776918011 0.060239779208734044 0.08334336652251663 -0.026050197385341957 0.030172335801842438
1 3 -0.07462116117699007 0.05100697757205926 -0.09529305614568852 0.008024679196512313 -0.03533080422072219 -0.026791607030160317 -0.05428639574895225 -0.01880679029919248 -0.04284214460780063 -0.07689950894890202
1 4 0.0935875336543749 0.06185181382879349 -0.016393249776950336 -0.0974091875816671 -0.04763521799948238 0.008252561715262256 -0.06221543838908839 0.07468073787742147 -0.011700782261370184 -0.012862021662497034
1 5 0.00641602499316601 0.0989133360226842 -0.03430682945679828 0.08648923570971837 -0.013687207941048688 0.0387641119493602 -0.03150106424493039 0.016712549392573425 -0.06711038781585511 0.09156865582942521
1 6 0.07088112879995137 -0.019212921408059313 -0.090172240513778 0.002512307158824498 0.058305264363464226 -0.02199586374353329 -0.03602261846358775 5.394756133439099E-4 -0.03287781810927001 0.09717164204283593
1 7 0.043420351668604876 0.0019307935650740749 -0.08778119862141069 -0.0971836122000083 0.0664696630904109 -0.03560378559014782 8.401371840277452E-4 -0.005716171625700979 -0.02577163003461904 0.09318071038839788
1 8 0.07065802358054622 0.053134471744935755 0.06557571041088485 0.027074322459957483 -0.06990425316216027 -0.03368326022233098 0.027267973120889823 -0.013579267033553635 -0.0767919522875329 0.04894816603532264
1 9 0.0038771229583486146 0.023775447331482902 0.02122841208738016 0.057961653305014474 0.082894817102293 0.04344693522123215 0.033195845776952324 0.06069053890080766 0.031093244324828753 -0.07150668096790974
2 0 0.022303542518433195 0.047058320881512364 -0.011561373960516584 -0.025967209008872585 -0.020356587770206762 -0.04732917713763532 0.011215734445580244 -0.08609466325373098 -0.052605093218889454 -0.08672047744900802
2 1 -0.0847991033697031 -0.05094376958412853 0.009774326664682694 0.06912768369278778 -0.06953375326581707 0.0958156383671826 -0.09279862876669662 -0.032431558877402004 -0.06227002405531584 -0.08063598517263844
2 2 0.015441606653361669 0.09511744581173116 0.09222371733736646 0.010527010613116058 -0.06873751189302932 0.010598421916502674 -0.03597265882315043 0.022077236007501548 -0.0671002989026965 -0.04727546381784171
2 3 -0.06152782535417933 0.035557644827537684 -0.09190610881042259 -0.05827283515683161 -0.06497967164353796 -0.04168627774603991 0.021061619096295926 0.06975987123852823 0.08523214560095997 0.049942725520524665
2 4 -0.025134874257262994 0.03878945646396914 -0.08459697725194688 0.06701841387418941 -0.014692697248203079 0.06882919214156627 0.057016636907704185 0.010255342808688728 0.03665380393775438 0.0018206442082722377
2 5 0.04152083186990421 0.060663606796047514 0.07190617400136816 0.025062751565048193 0.06661208417388133 -0.05147051349518891 -0.06361355268024521 -0.0701694411601205 0.08529789838903683 -0.027127788065064804
2 6 -0.03874050280840738 -0.03226647780547324 0.040708816724893085 0.08779085351904461 0.061511796373285896 0.04177197349048673 -0.09679909611018794 -0.09420454385726632 -0.02288867029140643 -0.034479762483576926
2 7 0.09032445491142717 -0.05947760628953681 0.030816159937263613 0.0911970408359541 -0.0555619709386295 -0.09795499518580728 0.04433323308763203 -0.05899405033928241 -0.08093266684852596 0.043665782690924713
2 8 0.0530449671617955 -0.06056499019671943 -0.07496466224723412 -0.03203117705775756 -0.025349125557145278 0.06059649665255294 0.05598588477400713 0.050470586718726576 -0.0558824110904539 -0.09787494486919404
2 9 -0.03947147858166262 0.07866208636232724 0.09137084814853726 0.04712363732412015 0.0018351962720595696 -0.07000184027655725 0.09191996944218554 -0.09175895663390546 0.05490126985557924 0.09459315001717623
3 0 -0.025326232410753168
3 1 -0.01006086212078095
3 2 -0.01545305955405873
3 3 -0.03365034252500961
3 4 0.04433665131046549
3 5 -0.08633591083211711
3 6 0.04583942935989421
3 7 -0.027575833703011393
3 8 -0.060242166989991165
3 9 -0.015695669095491062
