## RankNet
## Epochs = 100
## No. of features = 136
## No. of hidden layers = 2
## Layer 1: 10 neurons
## Layer 2: 10 neurons
1 2 3 4 5 6 7 8 9 10 11 12 13 14 15 16 17 18 19 20 21 22 23 24 25 26 27 28 29 30 31 32 33 34 35 36 37 38 39 40 41 42 43 44 45 46 47 48 49 50 51 52 53 54 55 56 57 58 59 60 61 62 63 64 65 66 67 68 69 70 71 72 73 74 75 76 77 78 79 80 81 82 83 84 85 86 87 88 89 90 91 92 93 94 95 96 97 98 99 100 101 102 103 104 105 106 107 108 109 110 111 112 113 114 115 116 117 118 119 120 121 122 123 124 125 126 127 128 129 130 131 132 133 134 135 136
2
10
10
0 0 -0.03766916686543997 0.08728569028566044 0.09416490897400168 0.08015589652469315 0.09275488167138875 -0.02254879866357637 0.06693897960357281 -0.04706495970367458 0.09020139646551008 0.0711634762159499
0 1 0.006097935981173228 0.06396846665473756 -0.03571790187411114 0.08841893007090344 0.07098867800716861 0.0446158474443462 -0.05511323684491414 -0.0049599485986275465 0.025491622410386595 -0.021555293815259155
0 2 -0.03615742893449728 -0.07776096667918386 0.04809995230547489 0.02278909554052233 -0.05197719959366637 0.07887000489256753 0.010936873030715239 0.060281255211795545 0.05727470617022267 -0.09512829355053198
0 3 -0.0674542340450862 -0.0216110480112794 -0.07064617570591286 0.042594841749850114 0.010076245882145247 0.07934640940801485 0.01714733351049726 0.0890405713681778 -0.08607283099653913 -0.04765714694848614
0 4 -0.06465458962454142 0.057374926038001525 0.062478333120867674 0.051351740869671106 0.05051378111431215 -0.08119402328758175 0.02078576618738802 -0.07516409226094174 -0.08788384417035362 -0.09790810034897536
0 5 0.04890290845045267 -0.052292991328342316 0.053514789727144615 0.038700710888684604 0.0625267006830589 -0.0057513681163556644 0.07731966065163838 -0.07746926956687204 -0.016421431397956578 -0.04509342179581033
0 6 0.022143709054823817 -0.007620086450304261 0.011462770508296895 -0.023612848448023752 0.07802211309755876 -0.03388552204530965 -0.05392391961804495 0.0784413048536941 0.056999916132580195 -0.05132497392939611
0 7 0.047609959959000234 -2.8716543349249557E-4 0.07304765623474807 -0.07883467720676876 -0.025290348492644613 -0.05971378795657662 0.05380064853786002 -0.036413001020655984 0.05993594871144029 0.018887655160546357
0 8 0.09587410943955532 -0.0039986607655343245 -0.0025920039745283723 0.030922362725947918 0.06411300925391937 -0.07885357209075146 0.04365775536595406 0.04577729317196504 -0.010438536162053664 0.028244518340165153
0 9 0.04054083176679368 0.08168614812600929 0.05204667328308804 0.06927916527259935 -0.08394785065899767 -0.04366498512081166 0.00630046607936412 -0.053009174455093025 -0.027237830519404007 0.0497290480712566
0 10 0.0289676492147563 1.7170442590219446 0.263865717011067 0.8904574043746396 0.0576436100953649 -0.36489402527792575 6.572002331505536 0.3077538932953657 0.18403849789223545 3.920172383224129
0 11 -0.03493961641304492 0.0280884889553297 0.0753001106359994 0.05612725701003019 0.015489415642135138 -0.02890420235867754 -0.0804057764166113 0.04086124784938795 0.03687509663655922 -0.031152153398218713
0 12 -0.05074875656969006 -0.06735384545679765 -0.07987697313360963 0.03726970812092908 -0.09688006647479006 0.076584249808602 0.10271278722896438 0.10316777551375633 -0.06849098733890968 0.12260630766393228
0 13 0.027478076723875478 0.06419785712746676 -0.05963063182433666 0.020019753114090096 0.028198887271752657 -0.09824380125334649 -0.048297184157696946 0.0132154222620887 0.046834912266624784 -0.041435490161918574
0 14 0.14043696487720037 1.7010883519146647 0.2528908459532709 0.9139544195384489 0.04595276044503572 -0.4898029710219996 6.6818295383164745 0.3123300211407085 0.3505897786347234 3.8770612744021307
0 15 0.05831769000230362 0.023853558909755174 -0.03312904721132344 -0.057387836989615554 0.09617542863377357 0.012746887537171243 0.04724331175534253 0.020526443482011776 0.03328908164268351 0.08261639732996381
0 16 -0.06742602187887033 -0.02338423071880511 0.02549052961374107 0.007274793499727139 -0.08473531012337764 -0.038925888213100696 -0.09016736251951929 0.023497441643320578 -0.02429476360118261 0.00650991263282328
0 17 -0.02562422327142738 0.023439755787624895 0.05057518359826836 -0.025306927448784544 0.052750748912704704 0.01134395827832024 0.06345517666818251 -0.026285612760256347 0.07031046316626796 -0.07777517043822967
0 18 0.09989215442156127 -0.04296942856543347 -0.00421516712277315 0.06630474626484219 0.09285527585976282 -0.005331642004447325 0.05405455475843359 -0.04928431212363815 -0.08738175178500203 0.03477651548605321
0 19 -0.03481231509595635 0.021423618923173904 -0.047720809199641515 0.026731741298134826 0.0422887089273448 -0.039592277439829224 -0.029565850302004745 -0.024446311648688213 0.04937452202424996 -0.020066079620240426
0 20 0.009072159449623217 -0.18712055512114056 0.031265584395702886 -0.052990575873610335 0.079850344845862 0.046935844189618145 -0.4037386642578335 -0.05825519962420022 -0.12122857272144823 -0.3161099782261234
0 21 -0.09550256564553138 -0.07582017705985299 -0.08433942863763293 -0.05703975225425211 0.06472179284779639 0.015079294829598333 0.008899853636519406 0.0906119220753944 0.07583038652220461 -0.01605030151430023
0 22 0.07409250532355954 -0.1025140917492278 -0.05701173908491828 -0.01883152572830219 0.07333542333160432 0.050052859848066414 -0.0476050279762235 0.07259823371144594 0.048305753211732624 0.01994716658673988
0 23 0.0033837030439975175 -0.050203301439142874 -0.005992632300255581 -0.045033391893271955 -0.09561513547810505 0.0021842996617652344 0.0360698916121685 0.08634669354797017 -0.03787036913307451 -0.05748144067002656
0 24 -0.061820530526961875 -0.11536484928290736 -0.15546964246231282 -0.04120314135477889 0.0898395591121086 -0.052697936847085784 -0.537471632531045 -0.11509765470914668 -0.12264586884632403 -0.26103719234980954
0 25 -0.09216855201094892 -0.05445183648023353 -0.06804466063725732 -0.07795674537795 0.03151418128889717 -0.015883275461573896 -0.3087612453836409 -0.019139696225303725 0.06196068373930602 -0.056505388775504525
0 26 0.04616311740740014 0.03954476335164208 0.09249924514008467 0.026610257101238537 -0.0476115653247587 0.009171171414314203 -0.07347176059516008 -0.0434901982839745 0.008528591183466801 -0.05899815945272141
0 27 -0.06108606125815483 0.030851813118293048 0.04184227802033886 -0.012290886627422469 -0.06933886458890202 0.05957680253799231 -0.03989508533483503 -0.0798650618276781 0.09609736658350808 -0.039415352640216
0 28 -0.0790674219134095 -0.05988039881130941 0.06493366968076371 0.013244410626720509 0.022571380555414126 0.022033603688447277 0.03581421947193713 0.007646784407344563 0.09665598220272639 0.004689920943302238
0 29 -0.08651336697476965 0.020536673987498363 0.02498488986232258 0.06458892645198781 -0.028861956007313432 0.020222882141618926 -0.27628936751981725 0.08260192873410042 0.019661175103563525 -0.23733227984534028
0 30 -0.038997468430719405 -0.12383866845446342 -0.007935618753352993 -0.019136616655738084 0.08900186620673346 -0.004322232418580753 -0.2266552538133139 -0.06209012617863519 -0.056052470218879956 -0.21119137201458862
0 31 -0.0457751414960953 0.01277738907423235 -0.03659455942622415 -0.005312356395810409 0.012883675510835902 -0.08022167798613965 -0.01821900826898395 0.02375432179245698 0.04390698152044414 0.0013918570881179613
0 32 -0.05719304204013148 0.038339856810296745 0.07982799538429577 -0.0749370823445963 0.003558697648983164 -0.04235010277057137 -5.319549967946342E-4 -0.09624604449572181 0.08731427561316911 0.03529788511642014
0 33 -0.016536603922539226 -8.550650723798992E-4 0.064739832119064 -0.05851973357301255 -0.0304553616007393 -0.014742980160854884 -0.0878050668851639 -0.04701402421939415 -0.08371999070347956 0.003416278501862753
0 34 -0.02926305368952845 -0.12655902781287529 -0.06908492652184686 -0.11599635555999276 -0.0016326988997521434 0.06090839695906264 -0.21162566074642597 -0.0673201154709013 -0.02726173789180093 -0.0671278120274114
0 35 0.0718963983039393 -0.12143688946659317 0.07111955704738906 0.037096245675942885 -0.051121793261160293 0.026657257833969928 -0.28529861854974936 -0.05152486646544246 0.0077759593679707995 -0.22870316834890372
0 36 -0.007108628883155583 0.02595925927634877 0.03167952581451107 -0.013978362023987084 0.02808376427438997 -0.06379449238576025 0.03668633524479489 -0.0384173001032061 -0.09581359124253348 0.03366507534136701
0 37 0.0022567776059471407 0.0446504220546642 0.04002589542154004 -0.06912125942251726 0.009391532315384733 -0.0680746789469154 -0.08076647233522041 0.06996423514571916 0.06458648545509445 -0.06944326669094959
0 38 0.08202975974281695 -0.07164727387569197 0.05129034057051094 -0.05425769262813578 0.07268846430861019 0.06143692917938853 0.018678922998552942 0.08696669450269269 0.07474267691131904 0.07076381353385669
0 39 0.04840223637058215 -0.1198595590477634 -0.0807167583672478 0.012427057719815511 -0.015717938513635697 -0.07483465368102513 -0.27795382394854407 0.025225837421948196 0.002064572301583445 -0.23253254498993028
0 40 -0.04102025395293962 0.35091215282498317 0.37989006267408304 0.2515850645443958 0.13892585157274062 -0.1758190731111821 1.8929988227861858 0.07097990069523358 0.26321684550355884 1.0150825686764648
0 41 0.09182369803870982 -0.013165510696834396 0.038819966176442455 -0.06050704048959873 -0.015378665084036085 0.041479818340892975 0.003140904101910614 -0.060112751380380185 0.04827455041316735 -0.011745802267860539
0 42 -0.08286242116521964 0.03140746775595421 0.06337318970234947 -0.0764761770213233 -0.05407776044405997 -0.1273582910817706 0.2839453414501647 0.04906521127549047 0.17942537716101492 0.1742947519655989
0 43 0.08222842830458046 0.06359331830277482 -0.04509562005951617 0.03365029519214326 -0.05090448895216794 -0.05222071763746369 0.030384810572035702 -0.08736047162854155 -0.051460946470589866 0.06767311848968911
0 44 0.07856545782078896 0.46466778734974307 0.782730933035507 0.2947943664119833 0.24183033151187883 -0.09116103934911618 2.4665529794677057 0.048488868702235004 0.7636191112722943 1.4555581939213484
0 45 -0.09065026298069485 -0.0796093626725224 0.0801701734164537 0.05908647159551744 0.04699349384341701 -0.015047188571702114 0.06437518949688086 -0.08731264035106215 -0.07561839249125636 0.041323773844517304
0 46 0.07140915243163592 0.08165732543103546 0.08075531717065224 0.05741839259019193 0.04399287745683022 0.034253172924217465 -0.03747937496849555 -0.08134352216761664 -0.019232896261518678 -0.07701344726160873
0 47 0.07714773368060468 0.07477889005516297 -0.010597890473605518 0.0389135758059161 0.05881676537433921 0.021309255823619096 -0.08491306712048129 -0.09547155469571746 -0.03732433600265692 -0.02908747769109057
0 48 -0.06513734883965737 -0.0805099097071457 -0.05839798299085609 0.05258227973151971 -0.03083130935128464 0.05626083206953595 0.0038214201002392868 -0.002402996038940357 0.019293281767659726 0.06944079278372722
0 49 -0.06813518577472968 -0.02852967381816366 0.03563165912590438 -0.07318930630843663 0.021829566365496787 0.07238032125096355 0.037587105695823665 -0.01380024826892437 0.019809149366149033 -0.07159605507721
0 50 -0.06847995666782668 -0.07818657396137839 -0.02588251519437856 0.08670667242460293 0.05049462583682464 -0.06797599233314616 0.07449380647191925 -0.08406192799435303 -0.07747538881700972 -0.05466441626549296
0 51 0.03239624498579775 -0.0290265969945857 -0.025817969741490088 -0.06656701851672221 0.07592686611102316 -0.05016309725265866 -0.049140919136099956 -0.07007050941417663 -0.05748048152488071 0.04639337157874937
0 52 -0.07293759776466094 -0.018657114421669063 -0.08668272515861115 -0.04881855131536485 0.06706785464055906 0.016357767418131997 -0.04244563787878963 -0.0710872517487023 0.011771204162653258 0.06373829300859905
0 53 0.010481084845706744 -0.03659120016796203 0.029722748205680823 0.0815470524028558 0.016583134299400712 -0.001916577592275778 0.012970751964169793 0.08958943271322652 -0.018367907425819462 -0.07348393111641101
0 54 0.01713806281338918 -0.016358504649344335 -0.03462730536712016 0.0405302755833769 -0.02305217998139206 0.07699694364555926 -0.01842415098697158 -0.0788401467773916 -0.044566907637972546 0.06397768061155461
0 55 -0.0012527117654123723 -0.08975817480099274 -8.298946258807042E-4 0.09586023048382986 -0.0487115837482548 -0.05972037774688678 -0.07009766949842873 0.07480252750308429 0.017333679046168716 0.03149568700483726
0 56 -0.05621035371784618 0.04643847287582386 0.08910621388327294 0.03952875192089586 0.09114252299581889 -0.014900738872885544 0.039408530545467425 -0.08918751060211162 -0.050870903389015336 -0.08202987215984262
0 57 -0.0018133056599755155 0.08010498947265467 0.08862877041526504 -0.04621546079095112 0.0759476035143339 8.248663440578395E-4 -0.09527607218534512 0.0978861769665244 0.056115440913882396 0.08284515154140301
0 58 -0.08326873934094703 0.03631441219454064 -0.07330255898665748 0.0810744329855579 -0.06137876144199366 0.08308260930429155 0.009610013606381331 -0.0033582248000766416 0.015286567366732564 0.025975194135153524
0 59 0.009385404925903106 0.045089879344366174 -0.027673758417083943 0.024537233168054142 -0.03687737168275577 0.005576040527137962 0.07498238932717187 0.061507872442355664 0.0708460164270083 0.008426583860054375
0 60 0.05111437636686682 -0.030465517350895484 -0.013525036496168407 0.07365388080221567 -0.030874839047823892 -0.05929755592614473 0.04261008988025124 -0.006094746078300047 -0.08180143344718269 -0.0432201097977163
0 61 -0.038651807074607816 0.028705585369409797 -0.02970809761229987 -0.09016614362661034 0.008253860487429838 0.08042469280535852 0.09243320503664407 -0.005571228173004613 -0.02350867036037851 -0.012719822573036072
0 62 -0.08438464946279031 -0.06865167011944678 0.08649762755948306 0.036737214965561586 -0.027782697208066493 -0.04115356648838271 0.06363996979592251 0.05733803493291082 0.062046429232191315 0.09077529718062287
0 63 -0.07804115404811546 -0.07088099688999264 -0.01054484453421547 -0.04275136599290704 0.035423509772568494 -0.05870877207870096 0.02916239226891613 0.08886285872175849 0.08516708269869455 -0.09886492532992285
0 64 -0.09704256929509285 -0.08319409287704697 -0.08641245427561312 0.09044921103417276 -0.03667597348377964 0.028795994120469865 -0.03414831959588119 0.06691514503664121 0.04594487210562818 0.09953000795273839
0 65 0.01061479364360443 0.04046251992428775 0.028129212260027934 0.03923538280322887 -0.011129230620318217 -0.016780162641107134 0.007920749470241996 -0.010833035220517052 0.09010731685358639 0.08401787271658218
0 66 -0.03184965068579318 0.02690352136944145 -0.09655446688933546 -0.010998816339433037 0.012232287162173238 0.05892096785449606 -0.08838403530593524 0.08055034001242269 0.05123466901457676 0.07325426499164987
0 67 -0.050406638342774465 -0.07253400629504927 0.06783594245556065 -0.0037590081582123073 -0.021578661259870912 0.08918160761864768 0.055023793936961045 -0.08172703109867314 0.08328636960484583 -0.08572803433097964
0 68 -0.015775609441675224 -6.444963125396777E-4 -0.08138093376650911 0.02806208539942366 -0.06024879332886363 -0.08077637214843736 -0.03115039808469501 0.05029497797421125 -0.09948332129002736 -0.03562844550459984
0 69 -0.002767054897238795 0.026058764391172863 -0.036852747887729825 0.014284780636320106 0.097343714316616 -0.09900938566385811 -0.041405784069333484 0.009122983979782602 -3.786843740064891E-4 0.040505286930870646
0 70 -0.1064748693219494 -0.33226369485414253 -0.16193397859683814 -0.18746540068895973 0.012280344110789638 -0.011132462340678722 -1.5882686841515798 -0.04089294817011681 -0.06057481554100091 -0.9928007663012257
0 71 -0.04322141388759292 -0.03025792264336079 0.013352418893962482 0.029161810569028206 -0.05787671660814224 -0.06568047477222198 -0.09741649968116652 -0.019356569105547432 -0.0165670743808179 -0.16091926420860603
0 72 0.06699429430802077 -0.11528064794768879 -0.11695729045708238 0.058244776856748955 -0.1036286247590379 0.05729443924402205 -0.16318775849387224 -0.07867450219789263 0.0011598250629097043 -0.23388122105112563
0 73 5.222600796939274E-4 0.0049350795558441365 -0.04569607142320889 -0.008405724324476966 -0.016626739010460738 0.0715651483700235 -0.24662950083325164 0.0015880683079258326 0.05615272613740191 -0.11557696781076324
0 74 -0.05517369174110109 -0.40793700074063455 -0.1441931104062497 -0.2831834647590969 0.01911102384593882 0.13218524685521693 -1.8433139573916164 -0.15257439273152465 -0.08430721292558468 -1.122267027110597
0 75 0.0397368197093419 -0.2433646712421652 -0.15352302842540994 -0.01570515799183422 -0.019538244892049278 0.12676389411204478 -0.7718896232825514 0.04054948289556834 -0.124529905878572 -0.5267824352186893
0 76 -0.06981551771044965 -0.06323858779587149 0.03578578769001256 0.050419687939538174 0.08857714099029104 -0.031113819380704608 -0.01375094972742501 0.08473276171383112 0.0869637802818011 -0.1360210997909824
0 77 0.012720838721377005 -0.03915039676492818 0.07875182378090691 -0.031122185740567538 0.07461293556365205 -0.01584196507949759 -0.20083064895349279 -0.0836879613103434 0.03378061906900593 -0.023777733037634093
0 78 0.026109399000825644 -0.02775220720635803 0.0031361479270926034 0.013628523904735412 -0.09169962143709376 0.09116166182814771 -0.12001413237767909 -0.014902391537434275 0.05810736440082766 -0.06434446056048555
0 79 -0.02756600479460816 -0.24553105230535474 0.024796597434165023 -0.14910002558942978 -0.059611915178214445 0.0017178166363623906 -0.9247959417382102 -0.03398172912221292 0.0011059671531718294 -0.5344905024578276
0 80 -0.05875208414836589 -0.2953445642831993 -0.053730299892854196 -0.17915215594906228 -0.08498016201677085 0.012311164864674151 -0.9622786325218403 -0.12273773238541809 -0.11036396943989478 -0.5783473471255124
0 81 0.020120037931595097 -0.11574814717044424 0.002074662468681461 0.03491913851951331 0.05672374080503898 -0.02034487117909295 -0.21331131754188923 0.07510347098016454 -0.07868825719029351 -0.15783986151681292
0 82 -0.06591146913523466 -0.12688274151771248 -0.06215055457441335 0.05426601724229771 0.09589077797581311 -0.0028962702413453233 -0.07523498142582455 8.218220162039989E-4 -0.10201283836119142 -0.021383792964895686
0 83 -0.09738728732520253 0.01693654219018934 -0.08641903248433816 -0.10282556624167898 0.06749786521107153 -0.016679771356874738 -0.09747187391747142 -0.07688552844756437 0.00958717593423402 -0.09956607916036324
0 84 -0.09383851504334952 -0.3741936279594275 -0.04758524914953248 -0.10617179408557396 0.05387564777816409 0.09313149177886787 -1.2021894026843063 -0.143663670404436 -0.17687850063202262 -0.6508222876029768
0 85 0.030956911183148972 -0.20637613698999838 -0.14205932177832592 -0.10297211212718858 -0.11159682880079068 0.03181267138701546 -0.9266579602680669 0.03519444599417905 -0.016390187609626457 -0.5328641643210931
0 86 0.05887443264965081 -0.0033498821802509424 -0.09661252168134842 -0.02987920571356131 0.09580490316151358 0.031069028348444654 -0.07265396766603636 -0.09118573929627215 0.06148146791678795 -0.10270425103455519
0 87 0.09518891181914435 -0.095625894435191 0.06486537859365289 -0.0870391314711572 -0.04616931117203965 0.09666365189253129 -0.08249906554159298 -0.014711529694448998 -0.11025789803183629 -0.0906665445228043
0 88 0.08610980115162713 0.06641832356384861 -0.05735771331415194 -0.08210675298220699 -0.07742753375232954 -0.013986890382869526 0.009605917796904251 -0.08223198687610254 -0.09016907965835548 -0.103316151095486
0 89 -0.08780579262481893 -0.34153935723567314 -0.12619488241799404 -0.11241014242942733 -0.07228847774808955 0.06534423925649319 -1.1915124751183521 0.024461802990114998 -0.10708285230247601 -0.7347819671795786
0 90 -0.10738910546318346 5.27093569855058 17.19113779906913 2.0554177421237743 4.16565561057206 -2.6264826193002806 29.631146500741345 1.090407850061937 17.856473876597175 17.28722807476868
0 91 0.09262489750298171 -0.12263129065102962 -0.029684846245623973 -0.10827794501017886 -0.02601271792444427 -0.09311401737366615 -0.21278824206024208 -0.01065785971953538 0.07235679137038047 -0.22655675335622746
0 92 0.640463295131707 1.6006889939729776 7.2202012893103165 0.7476789666966652 -0.4240419559744304 -1.4027253296807947 9.435680991035634 0.8576645690217803 8.263893967620433 7.904885675860148
0 93 -3.256648191426906E-4 -0.04600698978723156 -0.05691854674298408 -0.0999235278919622 0.07041452798580655 -6.939576633043971E-4 -0.166493975453818 -0.10146773737227581 -0.06128120898712847 -0.10251233419306244
0 94 0.4647363832178286 6.317300679937796 24.174204737733486 2.727191694614531 3.642029886096769 -3.878564958114989 37.51246623472844 1.8727269361269523 26.19195318641859 24.34468064073698
0 95 -0.019346030033563645 0.03346579078751374 0.07934200710205501 -0.02073875030470802 0.011353776313149933 -0.038942829557818165 -0.0332557685320667 -0.002726057067504218 -0.0338178097312325 -0.025172018770037705
0 96 -0.03895136380630188 0.05428836622438637 0.061955577963740995 -0.03361634498590868 -0.09557905741717593 0.0976656602694487 0.09517560367688284 -0.022516651636598998 -0.034112161503417365 0.031190797550355975
0 97 0.05862820281594476 0.04328753559989908 -0.0923672926980778 -0.009276905661105785 -0.028695410062051546 0.07598300919463492 0.04172345092129471 0.08768905666732976 -0.018410126394406645 0.011435354909474784
0 98 0.09322829450627602 -0.06448259406920637 -0.03255843989328797 -0.08869867404297094 0.049414485845182626 0.0199585249118327 -0.05927241002266374 -2.990636194279779E-4 0.02610243905180928 0.013557805739932564
0 99 -0.008529884890561827 -0.047201442604321436 0.09632989518166021 -0.029305036085080404 -0.033221826599504324 0.08787421080684682 0.03927695621894031 -0.02023158236776242 0.03370969184661657 0.03846751314166306
0 100 0.026834846316207837 0.04277089677719934 0.014040627203422095 0.0688384908217142 -0.08912551717363876 0.03491030879970296 0.08329211353179602 0.01121727333327648 -0.026793344766045554 -0.00859233866666251
0 101 0.043944967806021536 -0.006538269565518199 -0.0432454581359767 0.06167778257583623 -0.0698080821167012 -0.08069475988695653 0.02725210624075029 -0.0032674710617483214 0.0663901329635729 0.02539323184761914
0 102 0.04151038395868566 0.09595225457640208 -0.002726778020038593 0.07251311235342979 0.02515549515932826 0.07778508376510437 0.05813995077458153 0.06772476894551507 -0.012079026201077755 -0.02904440486460313
0 103 0.007834988188412613 0.02656376060653005 0.05752641129521805 -0.04252535645423073 0.03647439223406852 0.011655401071325896 0.02071042819908471 0.005106107486195961 0.019208484951442173 0.01207019701069412
0 104 -0.09377571056476859 -0.077710586512859 0.010150680061617873 0.05372557395717757 0.055666215912265754 -0.097092196945757 0.050354535578881636 -0.07648714606812708 -0.02814538503210889 -0.10192079825330554
0 105 0.08631428445731612 -0.030317986906547387 -0.07931910212149766 -0.019687391366415997 -0.05876862315214822 -0.07520925071820064 -0.19372501446448 -0.031696258038227065 -0.10786217764899755 -0.07118094896842099
0 106 -0.04595288472365514 -0.12180679423908036 -0.008728300808622434 -0.0775496386411144 0.0983530783418467 -0.02751944369190287 -0.143037672490728 0.06690537008029619 -0.06281406593500186 -0.1197455697130039
0 107 -0.020948623606584536 -0.11108297643538972 -0.02840723975751713 -0.042534851725714876 -0.09859485794493932 -0.05053922249976196 -0.34275384881575244 -0.06536827284292097 0.014912719833032754 -0.08832342454663702
0 108 0.019918975327623406 0.03392987079398909 -0.05582914097694127 -0.05399539611664687 0.0725833142294727 0.07123683716962866 -0.19165823682480412 0.0251803076147833 -0.092188355718307 0.004296014334348043
0 109 0.0025393370870503843 -0.059490425374694185 0.05840268889813489 -0.007509870443513413 0.09178090222537585 -0.005248851378885867 -0.31976208319029303 0.019973441282311964 -0.004590976458038887 -0.08074943927919327
0 110 0.08787564730372975 -0.019597430989367566 -0.009940552988819707 0.01303566761668701 0.04665096430334711 0.022947569485342368 -0.03844501413505666 -0.025116586413609303 0.0010286191432953857 -0.06536447572369322
0 111 0.015867992159700483 -0.03174157141830073 0.020621578343474015 0.0858255606842775 -0.02391655727622686 -0.09671739083239501 0.012407332732739175 0.07470191305173558 -0.05379331783204853 0.0637468084353746
0 112 -0.05556293510018637 0.013346209306946789 0.01423758207382987 -0.09012075906654841 0.08357650964948098 -0.0103943163606773 -0.15578082040547542 0.023088486604674448 -0.03362205693203063 0.013181633501922724
0 113 -0.017246188593088817 0.0691473228582052 0.02073200404652891 -0.020000245762987524 0.06488584839060416 0.011509912617888625 -0.01470583360971684 -0.08586388701820423 0.07845938093174383 -0.05311337746281811
0 114 0.06730496579199739 0.04342921381117351 -0.04289988932769852 -0.005804160324552446 0.034465828041309356 -0.0336597652127904 -0.1740711686115375 0.013148448544106862 -0.07079831793211645 -0.04971452418742491
0 115 -0.06899827519582556 -0.06610865113008842 0.0696934166410113 -0.012932614047899275 -0.03960627806002497 0.09272507119532936 -0.12748067602731286 0.05509768338668655 -0.053403296809984464 -0.007774582683923181
0 116 0.08816360225926849 -0.09141091456527739 0.0962461081324015 0.011496249838852798 0.04876066855180102 -0.025969076512222734 0.042465519165860256 -0.0793517805046058 -0.061165665525851474 0.05077725209382878
0 117 0.04547495282525118 -0.050195947115243465 0.07173738229009322 0.06500652588601073 -0.05117343800671953 0.015747170573461956 -0.06518142051434152 -0.03878382283579229 -0.06546510126958545 0.02967052407554825
0 118 -0.040594599560672566 -0.04379786456561464 -0.06646827489357664 0.018540384155478342 -0.06666601713364019 0.07738800831251699 -0.05818777802646967 -0.02745045337508326 0.09676039458571682 -0.09981233724767295
0 119 0.03402018993169159 -0.012429667287308965 0.013757928027802919 -0.07105283294814062 -0.0034521737717098824 0.010053547512800182 -0.11329218627716829 -0.059910509445162005 0.05019129831511674 -0.1110114407581519
0 120 -0.09792161982352911 -0.10877894901216753 -0.08908019383106867 -0.06428685191817514 0.06942696508250959 0.08150341925358134 -0.15291505203296268 0.003715075349247431 -0.0520546155812441 -0.1421934256009473
0 121 0.03568886478143056 -0.05329819181706582 0.025523956697727435 -0.010751281824326657 -0.012368378575146997 -0.08572710820853409 -0.0048272225209151694 0.07238375241901308 0.05445349630495513 0.04712427072667668
0 122 0.007574965811563788 0.0041487821905674 0.018803078658552866 -0.037190385829433716 0.053643911043070716 -0.06537222446335693 -0.28633512049387017 -0.017703539036960685 0.04343191316806238 -0.09062473207924632
0 123 -0.03360587837003748 -0.025350735625982595 0.08464761882308015 -5.163467020051769E-4 -0.01232584059694876 0.09764344255762002 -0.17971506589372918 0.054451602724873115 0.05103828545160089 -0.03903527784229702
0 124 -0.060290810911362056 -0.016588247048937948 0.03658827971610525 0.02063586496234673 0.08851586348408141 0.03660865363782759 -0.035796070987947085 -0.05482076987074951 0.04407152595268556 -0.08187832719045357
0 125 0.011834945626332114 -0.027265808612004082 0.08628269249598877 0.001037151876169372 0.0786721578221206 0.01914196454456242 -0.04023593382032342 -0.03634549593225827 -0.03251194551309152 -0.05765538765478618
0 126 0.08254236255986722 -0.078674121406725 -0.05060765198808061 -0.003453155340765151 -0.09027255258993806 -0.0024122952117198336 -0.033545230273878665 0.03623317060153335 -0.011693192013950898 -0.03657560821792263
0 127 290.8354879840615 -767.9627890440373 -2344.880749587585 -223.01069367372884 -894.3140575440467 568.6773212966034 -2338.295608001908 58.67772090092208 -2748.6248596378277 -1143.9481856714901
0 128 -0.0035536742085848444 -0.024286290255212194 -0.02502150660158707 0.02831115991505376 0.031904314944014626 0.06932408645865436 -0.09312719011194272 0.09042504276556408 0.03500120384406434 -0.03813246597102262
0 129 0.062269640298065865 -27.183181557402335 -37.2289332687419 -17.63103394004401 -1.1018113777522662 5.588016894081361 -116.90542070098144 -9.496253303291784 -42.16553142111009 -73.19574014089675
0 130 0.008066052700956092 -43.47663445479014 -15.556849872256779 -26.5812668063197 2.18581777953634 8.227174221477544 -154.6040191288231 -12.411445202723057 -17.58093725867933 -94.65250459900278
0 131 0.09784014523785804 -0.03021219232666725 0.0023350295807244925 -0.07488303028277132 -0.018873985049673622 -0.04030999317100875 0.08356322778141936 0.07501225645622839 -0.011266068568545808 0.17102280041417378
0 132 -0.0750908715245465 0.08069458117182422 0.1247544366797678 0.083434141415882 0.08661292851621095 -0.03426867675776769 0.341140136706054 -0.07101484221047626 0.047334829416820615 0.30491220417707665
0 133 -0.5656325831127765 -28.08920218823514 -21.552752124584256 -18.133820284675053 -1.0231031252786198 4.820659946174044 -111.6925601025629 -7.705936361510512 -25.673608371768026 -71.20620857351358
0 134 -0.593019386476233 5.241609691709442 6.384834222816732 0.3639509919290093 2.274712896655846 -4.053598434529444 24.432105023476407 -0.025693749567785484 5.488992458676068 11.445775882636246
0 135 -51.64778349733047 -642.5138580088457 29.164540394048473 -331.4412985311524 471.6099890691667 429.00150361388677 -1624.1432899942208 -218.25830867312814 -329.2843861391673 -1323.2134518431917
0 136 0.08606366789038755 0.05742438049700596 0.0834140911235042 0.04136685720155467 -0.04535143195974972 0.0031626843584469286 -0.06181624899937389 -0.0812410334597409 -0.012938519413445433 0.013373466366288809 0.057562588489578966 -0.0036219531811272254 0.09766490089844157 0.01846310192226492 0.04116439201912588 -0.019723705954617896 0.04622028930754355 -0.0015775873585852408 0.045948758114448415 -0.05920009116979103 -0.09969705308683242
1 0 -0.010889016209983041 -0.06457008448837794 0.00580236253287717 0.09222331776588985 -0.07025271597867985 0.01089122722269364 0.06438862829124554 -0.055987608007301855 0.05381398457237454 0.018429159370435412
1 1 0.07234557919934342 -0.07420750356593192 0.09682702976177225 0.053075709819967724 0.004387644700153104 0.07482633119830946 -0.03232524244708237 0.04248639884546749 -0.06575023223846532 -0.09713367400887647
1 2 -0.0522543234981492 0.09602862739340862 0.006714000014417502 0.02747366118376031 -0.0016382802772624062 0.029568847848724315 -0.06843437074107325 0.016797852385272396 0.10586813891069319 0.02210106727214508
1 3 0.054443381096198645 0.0060538547804779 0.06682163403229274 -0.022134204346818166 -0.012595198369742046 0.010497686795328701 0.04661580633923264 8.294824867134576E-4 -0.01881552272903968 0.033553492421857
1 4 -0.005751833936472181 -0.012723375846721554 -0.015107007789804994 0.09205778919709201 0.010359114858668287 0.031585553615246204 -0.06793417317297296 0.0878516019189855 -0.008613620351090352 0.07187541521508888
1 5 -0.06143011410109354 0.016677841959630107 0.07770994270700674 0.09048787349249539 -0.06155855021117083 -0.053859170869522015 0.043704030169137785 -0.016317737587380362 -0.042545038330330125 0.10284638086703131
1 6 -0.04708753665234218 -2.5090812613288267E-4 0.017528267112186142 0.05991576080393798 -0.009290778409760966 0.02160950833521875 -0.06561546648241091 0.11824806720360902 0.0025400945931952456 -0.017012364496610314
1 7 0.04391724611324921 -0.07984636923717411 -0.09084857340890574 -0.0978996790971122 0.008845459462257059 -0.0986871786723095 0.01764431308185867 -0.020569692127359297 0.10274414718599656 0.06742505170236218
1 8 -0.042347947767455596 -0.055909409473916344 0.08634676520856006 0.06821686397669437 -0.03179187933339085 0.026996225962460107 0.005749474034602626 0.041255154752996674 0.1314848980791423 0.019501814694637857
1 9 -0.050812181654009206 -0.0065003391579193355 0.07135130444815274 -0.08012380114127282 -0.11132513435589496 -0.10878895208178321 -0.045522123697697314 -0.03204131658843313 -0.006708260633894039 0.04656894795829137
2 0 -0.010760826324716165
2 1 -0.049957306356578475
2 2 -0.06207844107075022
2 3 -0.0037524455727680544
2 4 0.05434292559794564
2 5 -0.010841440786383766
2 6 0.04904470889149072
2 7 -0.09856493587108148
2 8 -0.13400909612290823
2 9 0.012024977526318033
