## RankNet
## Epochs = 100
## No. of features = 136
## No. of hidden layers = 1
## Layer 1: 20 neurons
1 2 3 4 5 6 7 8 9 10 11 12 13 14 15 16 17 18 19 20 21 22 23 24 25 26 27 28 29 30 31 32 33 34 35 36 37 38 39 40 41 42 43 44 45 46 47 48 49 50 51 52 53 54 55 56 57 58 59 60 61 62 63 64 65 66 67 68 69 70 71 72 73 74 75 76 77 78 79 80 81 82 83 84 85 86 87 88 89 90 91 92 93 94 95 96 97 98 99 100 101 102 103 104 105 106 107 108 109 110 111 112 113 114 115 116 117 118 119 120 121 122 123 124 125 126 127 128 129 130 131 132 133 134 135 136
1
20
0 0 5.319012203838985 -2.2383285562274966 -0.2354386932432109 -3.1856298772109737 -5.039803646171458 5.878089321796472 -0.2367324313435767 0.23598054807398763 2.765209439392835 3.025430243586429 2.584079943620991 5.641530307395036 5.453963566827315 1.3649710556036345 4.637038810282812 4.792353772663674 -1.0249636585533222 6.126726513455708 5.632175166832665 5.49710955815094
0 1 5.5693886741688585 -2.2514842129148875 -0.3588490186665067 -3.156794887761245 -5.165968188290943 5.980735117016528 -0.23337930075479174 0.17385985526026354 2.929972540066394 3.1187032997951043 2.6714923177044994 5.689640114425243 5.537822909745523 1.325921928904212 4.711874773611714 4.942038973627812 -0.9970696704979475 6.255688822644272 5.755744331052084 5.5432948042467105
0 2 15.609216137276345 -6.521884981622524 -0.7478687810241361 -8.946593792409546 -14.835550680520486 17.284141444686377 -0.6566964690338668 0.4823763986566977 8.195173312526238 9.040667030024212 7.4911308901179074 16.412382662189017 15.718086212065828 4.122039047819584 13.721342623201059 14.124719702657176 -2.8420483572513366 17.85506270329496 16.447018023877742 15.94229945044969
0 3 8.89124513759322 -3.5444450546357777 -0.46069829051434796 -5.0153280138398975 -8.517895205202583 9.695421828753323 -0.29202987798520075 0.2640828982600158 4.5608286733203744 5.077715911027669 4.25268790222577 9.371211093295726 8.77060905947493 2.4165481371920996 7.660329499553438 7.984312928128825 -1.683647122146727 10.014213608956144 9.191563173762297 8.986695474100381
0 4 5.589726040839898 -2.2329660420418005 -0.29558842755898923 -3.268747420327592 -5.311438517636917 6.105152402419502 -0.29187443991582174 0.08977575073021012 2.8693313765304285 3.152240274547201 2.6723890927580336 5.892700988170584 5.493963928481607 1.5010518505051462 4.841045869093366 5.09446472652786 -1.0346953395933087 6.335129145647483 5.920719207720782 5.745239300918941
0 5 2.439373182887151 -0.9068671616367111 -0.07054703868418559 -1.5166594513869742 -2.2777561077119177 2.65711370130701 -0.12722093136788518 0.17638739985501317 1.34610691614247 1.325033306302729 1.2303577202185914 2.4495681835932777 2.4881338074836457 0.5870991807817693 2.201035445135001 2.2084747751285034 -0.3807808626433604 2.7081278657596357 2.647838948795963 2.4921014459127853
0 6 2.6982979103691793 -1.1390862629184846 -0.22988186702019403 -1.6597854020495544 -2.5414566362111795 3.00911328383523 -0.09730661185029123 0.004363992544592715 1.4269982825854894 1.6028951210273847 1.3454090275595538 2.839546569272707 2.725964827428167 0.7815174501117673 2.484447657485292 2.43546245725767 -0.47239924913871356 3.0874922706341494 2.9082462764501176 2.919001968683667
0 7 7.160899474679773 -2.879959556842227 -0.4796615812202934 -4.082110839107123 -6.740794271665778 7.797597026581238 -0.32003701303242066 0.19160132640205585 3.7149021711154546 4.043382533064117 3.3745780633920166 7.412531298431138 7.130649141429253 1.830513217309791 6.192671093441205 6.5159118118264345 -1.401102639540995 8.107148366895128 7.457661369936749 7.314743228174654
0 8 4.43691159631855 -1.8666295818892993 -0.18659407376465023 -2.6244128638278026 -4.334769525944183 5.0456032825673205 -0.23041946470736235 -0.00809006540582835 2.377265908074872 2.6287218508211256 2.1475153928110076 4.7939335937814915 4.541347637599027 1.1252937050301335 3.912829246559637 4.110261755408687 -0.9684146644595791 5.086435332600326 4.782134514145293 4.6176238732155825
0 9 2.5968947983962716 -1.144207140279947 -0.22228470001415757 -1.5231031459868323 -2.4640409324205064 2.8382488239067545 -0.10042531369283023 -0.0309164833465373 1.3878009525849286 1.5559707812893973 1.2245505584818042 2.7010945182347124 2.5107654813342286 0.7063058201576844 2.19311932443478 2.378508084586068 -0.4800664035721875 3.0082465909774943 2.6329620198790655 2.5797576713555452
0 10 -3757.173442006711 1591.6832798192834 218.23764137344938 2145.0387714922094 3598.7982493968066 -4144.213114772383 170.1673733681262 -45.1450669464838 -1968.290706462904 -2176.9027382551176 -1799.1233384579984 -3941.0202011208626 -3742.2609309376153 -1009.1840393222292 -3286.8764729991003 -3403.1856227317985 670.1496977779494 -4251.5221940568035 -3951.727593265244 -3834.7365274810527
0 11 15.733218855469868 -6.953733794791405 -1.4127782999500114 -10.174522735088452 -15.263625636075044 17.477585307615758 -1.3067634245397348 -1.08993603091118 8.648877982057323 9.239071318658267 7.945080701714625 16.669178897812483 15.572921437092607 4.631574621375344 13.836058887017057 14.27423825262754 -4.052764423383546 17.909730319531814 16.37771774996064 16.04511003285048
0 12 -61.269203054495236 22.12780631716716 3.4140329660474533 32.38641616743604 52.73781818897419 -67.8444867016631 1.788467671020814 -2.375538318034373 -32.03368324782033 -35.077413544745866 -29.12949145556392 -64.4934781497656 -61.24129984400047 -15.530011058502035 -53.459122278176196 -55.56379787692023 11.890501775520795 -69.82823129099786 -64.44420516661381 -62.77806289827988
0 13 3.9279192933329465 -1.8506209817743982 -0.45905728491442094 -2.0066777227705153 -3.9889929232534365 4.380667927634103 -0.3470205161499397 -0.154802928329819 1.9630424432375917 2.280699007057734 2.062090290425491 4.179257718932951 3.989249800009711 1.0263664119964673 3.5106277408878555 3.571570745812584 -0.7423512367484791 4.36298614224729 4.143723279151816 4.064836966380577
0 14 -3798.8341509542583 1604.9288422001953 219.6263864141086 2165.0529837439703 3632.3086299664487 -4190.222294149038 170.41831603452206 -48.56390746512002 -1989.5817194135489 -2200.3756951983414 -1818.2099193882752 -3984.8186176208924 -3783.9766637905477 -1019.0812436975585 -3323.125243687372 -3440.6565576118555 677.3537990835315 -4298.938363989354 -3995.4039356451544 -3877.3562280871847
0 15 0.05385254241340122 0.09255044977241604 -6.225270862160947E-4 -0.07065211687299616 -0.024576497069432553 0.01818642399369879 0.031187794859633532 -0.09153019378015839 -2.3724791881791127E-4 0.08314054488658604 0.10261660588542461 0.10506911943465393 0.010788853756540265 -0.046631343645224935 0.11680023762161841 -0.02586761371240702 -0.032060826418407254 0.06567725513837866 0.08038496897926493 0.12137256447110017
0 16 0.05631876808843196 0.10670748948827935 -0.023485622303495816 -0.01978549817963182 0.011530340811504388 0.0989926286533383 -0.017977172919551688 -0.03237819518643427 0.152090075432899 -0.04723854557168149 0.04417667595149193 -7.911819377132679E-4 0.16770205481637918 0.14215683629021342 0.15620938461810097 0.03103065440501804 0.03171302520725157 -0.03425667032838536 0.10979176626062462 0.05233895726283773
0 17 0.08451502150221812 0.0329354441070525 -0.067404725995211 -0.0459246999989587 0.021522981932391085 0.09588326885740232 -0.05024473111873978 -0.054900008756723725 -0.04352955878387176 0.09509624417059347 0.06844950601812891 0.007923182409450554 0.14577444073999057 0.09572101795565166 0.03416902928420681 0.01405508893836183 -0.06574524981355484 0.0060036593104983845 -0.015416808299831788 0.020175989514218735
0 18 0.053091739738674495 0.07002592340522285 -0.006760110994417916 0.030099611598868682 0.1661529309996909 0.1514423228283798 -0.027349116347691587 -0.03459860807305744 0.12895486120989394 -0.01900039749612391 -0.025244140552496155 0.058070810411850485 0.08741420791016154 0.11956293445208861 0.10035105148111356 0.13380847115931832 0.06156413204934718 -0.016650906715575554 0.01854709801458804 -4.915692244272486E-4
0 19 0.026417154421361378 0.060482944710705804 0.0907435561409077 0.08272558545696708 0.06783124846228132 0.12521087739070896 0.056320481187668234 -0.07978264034964852 1.398931904865122E-4 0.006909247337219355 -0.0233151296133865 0.09574138223191918 0.12313475399942919 0.042589410837989214 0.01962058637512859 0.13049438504126012 -0.014707793909994611 0.06623004485790655 0.04665721433417416 0.09821193303782419
0 20 224.17604931645184 -94.57479112730891 -12.131734982070627 -135.0872894605987 -218.33409273485952 247.34370310591765 -9.652517684829219 6.796678972707322 117.76539871834817 129.11641503917883 107.0210564893521 235.09359266825413 223.2896550332994 58.111212387836105 195.69948101973347 202.85311726906232 -42.33080113465139 254.4478760463718 235.85865903609312 229.06733863291026
0 21 10.846336169150904 -4.473562067574976 -0.5650445350867628 -6.376659411952349 -10.324313501865623 11.968302156560362 -0.45630578904652874 0.21946518044648874 5.768317843212207 6.315868816273697 5.31135051895049 11.371950359897463 10.762155426884878 2.8674349593655095 9.57463913399447 9.982777104022677 -2.154325645790145 12.344905058622631 11.337046034149964 11.140701952299478
0 22 19.00081376776488 -8.08232633127928 -1.1000149630518765 -11.137227810839057 -18.567169188312867 20.909419323606595 -0.9077706658908715 0.8325507751369363 9.981075510593243 11.076041356327792 9.040455557269375 19.995215849304106 18.90847219555044 5.11664717603891 16.60024435630035 17.22450359743121 -3.595716608923244 21.491316641236097 19.864425633558454 19.45849680712809
0 23 9.627619983882829 -3.949104965966738 -0.557774746269174 -5.676955134376563 -9.157194776127122 10.73417731336581 -0.44880958748105104 0.24812181235075326 5.00314646084854 5.531535567719008 4.620395301158471 10.258095294672819 9.731800921775298 2.5277587606033753 8.404287867673814 8.889231595392454 -1.8640886257328837 10.923289421268603 10.178673506998326 9.890546522903875
0 24 263.64143999519973 -111.1699050739998 -14.331159706202731 -158.34586807270787 -256.53552683161615 290.9182296843352 -11.51770171616032 7.952753098863131 138.72771907980294 152.14316921873734 126.02624986091338 276.721635857625 262.80898210300376 68.62998917064367 230.2705669323405 238.76376707681126 -49.847321946093885 299.32536456866427 277.40352339774387 269.4573365453212
0 25 117.76224552019046 -48.343995910353435 -6.724123621759538 -69.27684976117442 -112.44534658186679 130.18803553062233 -4.9045927993613345 3.6707764645538656 62.15749692819545 68.09492671779928 56.325858913674516 124.06686833233528 117.66268517594234 31.32265631623887 102.92155881284201 107.00538415975514 -22.50639545763539 134.20175359629786 123.7348746715436 120.43282911977187
0 26 5.096436118596803 -2.184389929367872 -0.36961757806593887 -2.842064249431108 -4.767759316783197 5.517158591330044 -0.2825128442224866 0.00894342810937634 2.7504473188283045 2.932545746824483 2.3607740915347657 5.384779545661152 5.0237250669566 1.3156057141077344 4.385252747134023 4.567570665125609 -0.9711861321278173 5.762476373935515 5.348021965281983 5.1626601764295925
0 27 9.349183598325851 -3.745316782926237 -0.5807739269711555 -5.258491894966085 -8.926205504366198 10.279759707143914 -0.41021944165535457 0.34616768425542677 4.923537124469931 5.514081656213193 4.484678180842652 9.786096581302695 9.426099425252897 2.42226040818416 8.105961164610644 8.550748440584067 -1.7019954799188244 10.582954183111493 9.86053489201952 9.467024625013751
0 28 3.9807380084676622 -1.718855932112409 -0.24350584966181507 -2.394601606653136 -3.8974596651528106 4.580906701962622 -0.1349446918336163 -0.0387603031866982 2.1324708949101603 2.4709630735776775 1.9718829173888195 4.347632820374108 4.021466595005863 1.0883841302093857 3.473192377397255 3.713142132539713 -0.8928184112287794 4.6003293759227315 4.206353318298129 4.175862388010723
0 29 137.6260069619359 -56.54250078444589 -7.795359877711728 -80.7466431996968 -131.48381563481288 151.9940460860181 -5.866124625607867 4.1689995242769085 72.60121166335377 79.56635678189875 65.94871684798473 144.80165693142666 137.29171891860818 36.59177428711 120.22929192902282 125.0159452091906 -26.26367796820563 156.51790947129433 144.65332963170215 140.6309390869455
0 30 123.55395565440293 -53.025900594630066 -6.9475900603722875 -75.77808199915782 -121.77816285565949 136.3429488677908 -5.563357249597413 3.227286463511635 64.91689111318536 71.17592584484755 58.97462027785222 129.48984709135945 122.7933321565361 32.34590282460085 107.83318457084825 111.71418730548407 -23.931503578034988 140.202417266843 129.91074229840456 126.21527902544004
0 31 6.9852129993861265 -2.8654091976345146 -0.3740872184069827 -4.074714290626583 -6.651201167107114 7.7234974580884845 -0.28127375406671995 0.14913495350929704 3.6608364680141627 4.079216087141284 3.396847009182148 7.37192553080093 6.975360269279765 1.9199226215824567 5.999321864869579 6.224063143017153 -1.3973554150828644 7.954425509040391 7.3356663452451 6.980168109122277
0 32 8.137753627622578 -3.7262396625941987 -0.5929497982855005 -4.888034985876336 -8.174285691116568 8.874360995207775 -0.4102309126783668 0.28090349694169003 4.2993538342792945 4.770989784880399 3.919781341398387 8.543916881524726 8.142505154037007 2.175441868118037 6.998642554846578 7.459110380105222 -1.6502978675876414 9.094648274595023 8.510284216534878 8.308894594543244
0 33 5.705097860600632 -2.314950348020274 -0.4057293014871581 -3.2996342473383544 -5.603712825386097 6.335609771952456 -0.23082675923308807 0.14953667668752554 2.963123034467727 3.4084880053892186 2.7130100921641005 5.995761283565578 5.678925536786212 1.6384194518421953 5.121802957654903 5.314688803002982 -1.1116840386824263 6.608087621945282 6.104298540655646 5.943309538944457
0 34 142.65770629922346 -61.27977846149713 -8.229134870024327 -87.2796128995036 -140.65321196303606 157.51064416048214 -6.342788905848291 3.61502799772509 75.14523925016137 82.38612256644525 68.25952592693311 149.6929563143087 142.01366419448192 37.4940172455074 124.63785273079756 129.2084216750214 -27.63964784142747 162.18486250661033 149.91404893350926 145.8504975645621
0 35 125.72984077060705 -52.57322664173704 -7.079574048908565 -75.19069473631372 -121.54143809027163 138.8444452626309 -5.3149272781720125 3.5142374079812675 66.28672831887405 72.52898210619445 59.98700369713196 132.08925209604237 125.29683203070623 33.06642620889322 109.7258861243204 113.96133728172903 -24.1064892869595 142.95199740901322 132.08723515316237 128.3865328460999
0 36 5.97272953518642 -2.589944201022109 -0.4230390003539088 -3.5679730300219905 -5.70925011635993 6.726440587820357 -0.23177314276629288 0.15152766928368866 3.248755199302394 3.516172302199172 2.823509870612926 6.308565091944335 6.047677633789151 1.7163625772212157 5.196848268004366 5.545480005577798 -1.1835252836471934 6.98234737831038 6.305678382854572 6.162033672235191
0 37 9.318326424689879 -3.912155939468986 -0.5554902486704527 -5.306768016586109 -8.961066956333967 10.19609281871369 -0.3894709496833791 0.4685820825879835 4.854328812708277 5.304303733040577 4.373778906998928 9.815794994433837 9.308188393611482 2.5022952477639415 8.082569931972595 8.378161401587624 -1.807994319649405 10.494726865778572 9.779920308133947 9.471227269325658
0 38 4.951179998019113 -2.0334488036664236 -0.21266411406983426 -2.885666223579432 -4.698388246421095 5.366517409947186 -0.3142170391483034 0.12127599193912841 2.7085404170492997 2.9530781499260157 2.476792437875844 5.190017729802846 4.964406242255244 1.3145308639688889 4.333268750197521 4.4642556310878545 -0.9654816349213061 5.640342973415769 5.106426647610985 5.076095305428375
0 39 145.93060449578016 -60.894483658622015 -8.091527363878965 -87.04297177612591 -141.06143674856116 161.10777614509422 -6.224961085087957 4.118923127272959 76.82301272099556 84.29710296838142 69.88824764665307 153.4768613773465 145.44758375124016 38.51544987433898 127.49633226802509 132.41526276655057 -27.859906123010095 166.0196801249774 153.38865810090658 149.2276352623776
0 40 -1390.262299545792 413.5554831605429 67.55604262596793 488.2021366108763 941.626619085659 -1528.620667762753 47.58447373235875 -101.86911668003121 -717.6629296314255 -823.1260067538653 -682.0444900546419 -1470.2326924416345 -1403.0186612874788 -362.2228809281823 -1223.7978975131393 -1270.0728475841045 193.58771799426052 -1567.5524841524254 -1460.0199876381112 -1417.6341158353962
0 41 1.3100200969078164 -0.6494205187986819 -0.31010030416821727 -0.8907558749073996 -1.5028674219880889 1.5190255168243048 -0.11023032895024397 -0.029626882012355867 0.8155625016843587 0.9418198901144904 0.7465432271658689 1.5738273102339586 1.3077969303619583 0.5893652885380787 1.2913301891020021 1.4179325504292928 -0.4063046910619178 1.592804517937158 1.4296227736388418 1.4477635215872127
0 42 -115.78486236300206 23.870747933826856 1.3132824603326914 48.2241997002823 65.93862017746957 -126.46394697243441 0.008070866501243614 4.382467892356315 -59.18771522629534 -62.8042568374057 -53.70937271454799 -120.50399079498145 -112.74754879875933 -20.843806375412033 -100.74574923966347 -100.70584928879052 14.015023488000896 -129.17654188082747 -121.41458158173054 -118.47750138272656
0 43 0.5604644460357618 -0.24251926896483467 0.04037792538587066 -0.20098487971886972 -0.40376597657366886 0.6113728746993046 0.03176041906804566 -0.050708606250551944 0.14926852882079047 0.29685401851097193 0.14992702345243603 0.5655535859086089 0.44959421694072566 0.07013642582557623 0.469077177361163 0.35399195088044677 -0.019088761798954662 0.5629184645030262 0.5060686742817343 0.49314084358635907
0 44 -1781.4369539963309 499.80087948882283 72.99591100098591 648.8040419459895 1170.662187920318 -1955.760182821674 49.07182957723633 -91.89065359689948 -917.5135586640852 -1037.9094633179457 -864.9471978771472 -1877.3359435884183 -1785.270411451437 -435.6805965677478 -1564.9295475698295 -1611.5542020629016 240.6565425734271 -2002.8074747141884 -1870.3386778709482 -1817.7432543952827
0 45 0.42827947640200004 -0.14710290829409406 -0.026791796623030304 -0.27190785311832233 -0.5681176991252089 0.5898482869044273 0.07148647970968092 -0.025031361572722677 0.3202765486807471 0.3054609162447165 0.18437849371784343 0.5920361138757275 0.5725491533037577 0.21502729064287981 0.3799316371576398 0.45352551904649147 -0.025255431154448685 0.5435913323696174 0.5384638016705865 0.48138819933617366
0 46 1.9258331854454969 -0.8045426577870657 0.0022538184301839027 -1.0998920832959211 -1.7702016619645597 2.1709765758939055 -0.03658113613503487 0.14797927313807901 0.9336416783561007 1.2064128038813566 0.8821724308481904 2.1036685771857013 1.932620342065205 0.5122071380772965 1.7046918704495402 1.7189617446784176 -0.4281980067138433 2.157353271043637 2.13416935720288 1.959483492625535
0 47 3.482821547413969 -1.474088518171132 -0.2960390176778038 -1.9501727034830076 -3.229454259673466 3.7695013372623714 -0.06878774125628408 0.08186970004373277 1.843282487320857 2.014636970004797 1.6768250559501099 3.5880347445794034 3.3694559826121124 0.872672039148523 3.019333833787664 3.0490560335989936 -0.7012159663492921 3.978867752200821 3.5613901534350783 3.475875816559366
0 48 1.2336900619816453 -0.42826968332303744 -0.07575041316789892 -0.7164926610762685 -1.0662373120083741 1.4070538664856753 0.04322848340240527 0.09180202104171521 0.6978983745791276 0.6562286057454741 0.5370598950653988 1.345040664771291 1.2980780512833527 0.3237181231999833 1.1274581595982192 1.0344518098312103 -0.26230729531197783 1.2856393277812634 1.2998049063074522 1.1733854747343528
0 49 0.7282118724444105 -0.22283764001151943 -0.10360876554033321 -0.442413311769832 -0.5664171361783219 0.6474469909106227 -0.1187669073872553 0.05217487417908556 0.3316959671422501 0.3701326693530237 0.2868409008659231 0.7216316194788949 0.5571718438280715 0.0785204407512512 0.5930776797317739 0.5855580133324221 -0.0928747419546253 0.7067083769925062 0.7441068150006085 0.7055456811185244
0 50 0.3057370821823702 -0.05233980249346332 -0.01764127008083889 -0.13728805263220953 -0.2133084702445692 0.2770139815675726 -0.09444967044328909 -0.04902699904034866 0.1928315374974753 0.08725887415036176 0.18682690655029474 0.16601239255180675 0.2019397532340078 -0.02718485418990302 0.1794570177486439 0.29776919619423137 -0.042296740538205466 0.15814060475215888 0.16334138065183337 0.2941705929696139
0 51 0.9560044883808797 -0.41401114414855666 0.042218454312342925 -0.5050444661734742 -0.9098956019302211 1.151796878701913 0.01975860764865958 0.02891316442794326 0.45358052449261044 0.6377600028164792 0.43582601541618293 1.0280343698278331 0.9187954637165404 0.1808692255729911 0.8055522314994422 0.8091740597963799 -0.18668322057015363 1.091172793180121 1.0676277842353268 1.0485070972696688
0 52 1.650394548504661 -0.5918732613483183 -0.15623782300620284 -0.8575917681625896 -1.530457732887058 1.8167434643605596 -0.10509865341710531 -0.02640672024644797 0.8593949275279629 0.9306250133483377 0.8016343214714934 1.6279909048510788 1.555088725514667 0.39317147470682645 1.405876595837583 1.5776860107969686 -0.37297260900649903 1.8216640614307906 1.8078133189271952 1.7110560872310836
0 53 0.5322987223933763 -0.22966737589380828 -0.04904822742324631 -0.26139132522687913 -0.5437570689492889 0.5913497301322078 -0.07880158038839097 0.05505209941863896 0.3412269320704887 0.2647663043927714 0.2048185237421481 0.5803619623532956 0.6586664131455691 0.2586762572145666 0.5674631069778365 0.5077653862727595 -0.09264983689638193 0.7127614207157221 0.7095862626388502 0.6272544891755986
0 54 0.2674702914255984 -0.09571294484348153 -0.09705231783170812 -0.1789764309339402 -0.36694062377905734 0.30301570674189104 0.04493847425606845 -0.03416670563086435 0.18775281570582122 0.12596898064236728 0.1590601742871938 0.39101357306279416 0.242331830751453 0.17167006131442625 0.22083063617871448 0.1974267127135056 -0.13727614561657084 0.32950343041040603 0.31361476904584207 0.4037518941191279
0 55 0.20185365180836393 -0.11662985625440679 -0.09184084459316734 -0.0770522443255706 -0.25229830015562776 0.30662839142611337 0.004699391617919533 0.05733253270585488 0.14599270999363523 0.18729228065242162 0.08505513826552688 0.2712320003442919 0.24431929981337955 0.01145656547378496 0.26653049756679803 0.26522331943424965 -0.09699015299832008 0.372402481524899 0.19335252709158351 0.3490010580598783
0 56 1.3914146141262078 -0.5565069778677766 -0.006239159484766037 -0.684314257040141 -1.2622208564694506 1.4566068875572697 0.027835756570903036 0.02795496048016029 0.7531313474162263 0.8417573902256954 0.5836191873039108 1.330094999871062 1.3304233637085932 0.34525229383898925 1.1249126999634729 1.284700951105956 -0.3389269129302343 1.5454935577619051 1.454155908082212 1.3977997283551755
0 57 1.6406533323694996 -0.7010349419788445 -0.2034759649573734 -1.0492681152883823 -1.5694195680342238 1.7906672974646238 -0.06898623126206227 0.08993850482501212 0.9383916688953484 1.0283661909140487 0.7959358464120158 1.8737583304757643 1.7460747527520648 0.4723358203115313 1.4880162676284983 1.617137427671818 -0.2818351066315359 1.9307320804379549 1.8671435354671917 1.8279063606143313
0 58 0.7328370567493293 -0.4119700880479648 -0.14335417230134942 -0.43809304885362077 -0.659116446194817 0.832239165397593 -0.0940792708799579 0.02642383566247963 0.3492767370394426 0.36236685233912497 0.3718901220580313 0.7279085470353722 0.7621225638625119 0.16550588407425926 0.7288616568205587 0.6294286874643961 -0.15778099593655145 0.9875048396719811 0.8293327027491839 0.8056533931544672
0 59 0.4057159128148331 -0.15677308809058937 -0.1006858771171731 -0.31435238608137206 -0.3016791313742896 0.45919293943886297 -0.046017384171494966 0.08095080359103547 0.18576467114358555 0.11678361530332552 0.12951044220597202 0.36456279371965256 0.4709905153014656 0.031243770772319913 0.27401492660666765 0.4058230475206046 1.0059291093107077E-4 0.3492908728981898 0.3355794082004873 0.35088150738575674
0 60 0.25735803509785005 -0.19686807547814847 -0.08193267014787346 -0.1922470779801511 -0.18551995026897414 0.24854854986674602 0.03152960911315402 0.047091388924975275 0.05072307672507549 0.1309111083392935 0.19525544277272638 0.3155257649118364 0.31772188164661486 0.12313378671451287 0.30901098283446987 0.14151976865441 -0.010850701566166156 0.19034830572420397 0.2215695933262125 0.23684212295685275
0 61 1.116174239679394 -0.5027191467362782 -0.1264815491801921 -0.6672381943286048 -1.164903356612076 1.243481409879272 -0.09066755184612905 -0.016594866522238245 0.619454677801218 0.7596985513645399 0.53665459477171 1.2034794122197032 1.1892023046377422 0.380566198447614 1.0496162572558734 1.0703303298371043 -0.14769088102217057 1.2159467408967906 1.1787690409946379 1.1632577692742299
0 62 1.7467060268465326 -0.7012214851094961 -0.18447488990210725 -0.9633654147196128 -1.551740058678954 1.9444401233546251 -0.07790240211452071 0.12665699258839547 0.8201182783182989 0.9386915886483345 0.9211697183265725 1.8062115533841614 1.6341079292065863 0.37302576092441486 1.5965704807352523 1.6381057233459095 -0.3111122973679271 1.9725233541264902 1.7759539972405616 1.7040648777382914
0 63 0.7107893660632326 -0.2974365066945842 -0.0742848101461048 -0.45850950948104846 -0.7507947337375412 0.8085497654539832 -0.12357562983583584 0.04259497885996654 0.2736870105552721 0.30937078882790553 0.28950206096276987 0.7384435905993275 0.7383281921504209 0.24164266370327972 0.569491105798626 0.6231308845658003 -0.16127760760075327 0.8393306849311188 0.6811377148293706 0.6351116323712918
0 64 0.3449335247400743 -0.08114320905112252 2.843446829143973E-4 -0.11300803674080674 -0.3566634869501384 0.3879595941987843 0.08120616153364699 -0.01806363764877626 0.2359470292879408 0.27721859577669317 0.15385720323612034 0.43487351330785073 0.25585118233453175 0.014074913930331704 0.39936826673495174 0.3222444211242933 -0.08862672033981073 0.380388548438554 0.2886682273597603 0.2751244904125806
0 65 -0.047402848210798244 0.057012194218079015 0.005830515795744748 -0.03400965386431407 -0.05142056594335539 0.054413609484957715 0.0015099566044708347 -0.09929430334690467 -0.08708352103662208 -0.0163871904794419 -0.05342557062826106 -0.0971867614802045 0.0783350596438291 0.058296933181451877 0.03202649990689255 0.08817351014381944 0.03206572545995688 -0.0609530235327171 -0.07863829501740427 0.07466242693111408
0 66 -0.016953421697211268 0.04556371452735907 0.07549928319134125 -0.10859238760280535 -0.12238691069255683 0.08537314936719638 -0.012000472910917055 -0.0746803872367418 0.0747659742687965 0.01719668412006867 0.04082023542396541 0.04342892202731311 0.050971674269585154 -0.034389671386873176 -0.016810025602618572 0.05172290062706036 -0.003254573140042277 -7.044779927333093E-4 0.14185848048062513 0.07329376427120961
0 67 -0.023628857883742457 0.06723398498135273 -0.007231236850447876 0.074684292929259 -0.0657753159189903 0.04285480945452438 0.021975364380613323 -0.03683433242510425 0.05968642294149804 -0.07297217228981003 -0.011308141591276874 0.06406564300994688 -0.0891912716934325 -0.09491677626047004 0.0048454783616438 -0.04310279647939795 0.0015034965293300865 0.021702445253994705 0.04625127869810928 0.006147039767831971
0 68 0.02667320212514116 -0.03163384512154987 -0.06649074058193699 -0.05174019178704804 0.008858341820888955 0.002072461208638694 -0.0201796003064485 -0.03831273232051508 0.03435173531028386 0.07875254447424719 0.01295630272557588 0.024312278608170073 -0.08835968550913063 -0.09009966315613122 0.07155280663327125 -0.004688045244995558 -0.052162695985652784 0.05745340517897043 0.03920304048975651 0.055854423848503774
0 69 -0.09108329105150634 -0.08524122988014123 0.015275110827967436 0.08521884417713015 -0.0101658139182093 0.04447766052211908 0.0027789335260146315 0.07354772357660809 0.052202516417465414 -0.06315877189061661 0.012786912278689465 0.041020731752560255 0.07981262374527345 -0.09388683979450912 -0.009010603108317576 0.03238660270017559 0.02623666206568385 -0.03318516925222756 -0.07106883534536218 0.007037057640721025
0 70 888.6598787494302 -387.0856332697878 -54.764467099575704 -523.6275289155835 -868.6169251496314 980.4967087490903 -44.35305873917195 42.15140532189996 466.0964180955888 517.8658927206076 427.5747387056569 933.6839988052432 887.0819646783983 234.91541431484194 777.531300997635 807.5543909902975 -170.0990839577949 1007.6739444353268 934.6649462857147 907.3563251716294
0 71 90.23854458804267 -36.95951012878354 -5.034198669632576 -53.38409910774989 -86.10497727855282 99.79880338032827 -4.026779526049479 1.2966485348794368 47.77226544266934 52.22698759124669 43.27958494120479 94.89828532993866 89.77955581676946 23.866174466037364 78.76827799438723 82.08379702828977 -17.339592076234986 102.73352526918814 94.6732578091553 92.1063129736422
0 72 138.6064855141548 -59.83959293095995 -8.09472120405459 -81.34751713089022 -136.3178115479466 153.10253045690845 -6.412787071635452 6.2447460476653625 72.8893144457866 80.92353607805495 66.73237015939299 145.96155282438352 138.9504035367459 37.23285075350016 121.36636442468495 126.35261209070596 -26.3708436913047 157.40300253986484 145.80561186165485 141.67409311351796
0 73 81.55225094950192 -33.822274004720214 -4.538599511880496 -46.63788882878294 -77.73796475335739 89.95647931488796 -3.4099975401224722 2.4066171633388618 42.720246580163405 47.29854066154048 39.210173358304516 85.67415051436022 81.5089301487608 21.59294546747373 71.31480508627601 73.9894127701849 -15.133734973579624 92.40924230172482 85.55941717531637 83.24232030630628
0 74 1035.9184058383883 -449.89397768446605 -63.64056215994082 -609.8442051778006 -1011.8181666659475 1143.43631737266 -51.323494050390124 47.200692079091915 543.931938405445 603.8167521655034 498.34874355421675 1088.880459880306 1034.6356378306818 274.6302676344075 906.5706940249802 941.8148926795649 -198.4359472162956 1175.106121620774 1089.564448947283 1057.9333467556623
0 75 442.5823149343321 -186.21756328259104 -25.98729460438775 -254.13980895200845 -423.6355921893248 489.134719671014 -19.38345896129104 24.027835062766187 231.5688144736727 257.7265881785694 212.1010660222057 466.56153586796376 442.1580264971065 117.20431995431976 387.255439990937 403.3416683258036 -83.99274429422978 503.79712060074246 465.4403563083255 452.17562860300006
0 76 41.25307268862489 -17.31468127805394 -2.5506965312937626 -24.107560879215075 -39.93829560400596 45.66325757047925 -1.9086604310297728 0.3075998677857663 21.82836685124038 24.074138792831704 19.852667456786662 43.603204792961456 41.274043921349346 11.262035253276746 36.22192074971869 37.67680384166451 -8.097042489548697 47.06147503740179 43.50560024364681 42.19810761937093
0 77 63.80962055725823 -26.154759003265127 -3.2378629119313795 -36.552921522792005 -60.73794022627683 70.3366819902453 -2.455366400525702 2.841099702388294 33.45506249056111 36.97439160405756 30.46428151957341 67.25978831834396 63.68038170276611 16.58803665463967 55.76114454500343 57.980110234778124 -11.62197267412783 72.43502962496821 67.04821831904404 65.1230110662562
0 78 34.1374269083216 -14.496026710632089 -2.0928385959075406 -19.861535538809182 -33.07002892349683 37.85629335892242 -1.6364060561655862 0.6093838608467356 18.117414314415353 19.898024417993714 16.41756449761215 36.06372073696441 34.228263474007576 9.277026109024227 29.944253654068117 31.091498902084492 -6.727394243962246 38.79158863949108 35.879863492794705 34.98223907243876
0 79 512.8832594571361 -215.56622882979795 -30.074840982447636 -294.7199838307989 -491.2938835746585 566.8317238261973 -22.360320204368968 26.416998875335015 268.6578015679692 298.6618065570616 246.02791320791144 540.7241740161137 512.5884832670866 135.92083226376312 448.87261798696335 467.369426249634 -97.38241641134658 583.8571104113304 539.453819529265 524.058361388507
0 80 577.9217956440468 -250.40130914418884 -35.61013519346428 -346.17935637483475 -567.3848007056405 638.1428739986775 -27.712662474391013 24.67223845100784 303.6765522438925 335.88522583712216 277.32827964431203 607.0597117816679 576.0512148705212 152.92331216233646 505.1511567636271 525.0024668399619 -112.28962216560531 656.3666807280464 607.724882717949 590.3495623212958
0 81 61.605636896917474 -25.37740804455921 -3.8774715566733744 -36.52407305719986 -59.15750101765728 68.26232442253944 -2.858434561317174 0.5328218748779379 32.671074106079715 35.902134816931905 29.550393338856775 65.01601705866337 61.39680473582912 16.780927916383785 53.770394510518116 56.201601493826374 -12.16162580280155 70.23384029110997 64.6357802935612 62.90259378897524
0 82 70.27061861869966 -31.286197971580307 -4.587552784469398 -42.152995250919105 -70.843300629442 77.66234089806964 -3.624716877117231 3.2146815793836327 37.03774947842171 41.240731627373385 33.87803365053603 73.93321271676324 70.3865860206671 19.428201825345532 61.53375995391411 64.26668026969266 -13.888791073203784 79.80448627028677 73.7869319686176 71.67245801245807
0 83 53.51749995492991 -22.433744424415153 -3.198571529838383 -30.624830596973013 -51.2269542737255 59.08927732111644 -2.337451002221133 1.5296642931417963 28.24505477749755 31.24747829831133 25.765823668636703 56.18563171656485 53.497806011316584 14.338674785883647 46.914555257729134 48.71344791297028 -10.119651515692047 60.839724451739606 56.26982086344319 54.766057586671764
0 84 668.7235628106091 -289.42651608659713 -41.25860974258082 -399.8367870590864 -656.3976951643332 738.5950176428275 -32.189467512448616 27.420529940869205 351.6618800958935 388.94609444074786 321.01960751305353 702.9328505807277 667.105522987948 177.84200562801632 584.5832135273656 607.9006584601384 -130.10255661518443 759.8080204624546 703.1915070564521 683.251796360081
0 85 522.9797122397234 -223.4608827095467 -31.363317571692434 -305.9111069330317 -506.5816034902762 577.714038811428 -23.998449970332853 25.640201099537048 274.1958412897838 304.2954332966738 250.90047611419524 550.5406209959808 522.1603429221282 138.48180631487668 457.3467409473285 475.88411932284754 -100.06751515585013 594.6550672875431 549.9842354270833 534.3556424773029
0 86 51.58412712355571 -21.303489491463946 -3.0810015018026915 -30.449379848314187 -49.50878539790998 57.07019844273219 -2.3096843250816437 0.4560241502717306 27.344977777307506 30.133371861914284 24.732593156057572 54.40774387513101 51.46388150103119 14.012282462334605 45.04884449483636 46.9890855994727 -10.220066466957855 58.78306740524977 54.17219919776299 52.811043412825946
0 87 69.67109950134503 -29.642172957135518 -4.024462448937423 -40.536347048740716 -67.93839830825644 77.11001038217941 -2.9599336891169656 3.103734250770734 36.619622156899766 40.65800829562313 33.32503119199214 73.39463011669 69.73720620216548 18.536547184747338 60.95708681887231 63.52604184131498 -13.036540346262342 79.36548224039437 73.45774022248038 71.32561570719048
0 88 43.57640874217286 -18.349312131586792 -2.657392065148665 -25.21070577832366 -41.91339028320179 48.02306944200317 -1.944517819002345 1.0335535526969666 23.06614618752288 25.284593105943678 20.89309074594957 45.842904141835724 43.48283812422177 11.825101265365962 38.07210022993052 39.62614769715083 -8.450268147950371 49.428932393557254 45.67299109817286 44.5585160846281
0 89 604.8189756697589 -257.8731643633983 -36.23581762959935 -353.7794458322849 -585.7227096470657 668.3177254142423 -27.623018170406898 28.12786386406374 317.3850432520643 351.9432914206067 290.15844200128663 636.7882316153318 603.9567798935147 160.52926999507156 528.9887177342522 550.4163233829203 -115.78345253049409 687.9710559907362 636.1273338425335 617.9131241134265
0 90 -19683.943768435318 4080.0818570920123 235.6704358340193 4553.085241578051 10155.759612161179 -21486.844869273496 57.660094909113425 -1097.5493950464029 -9942.861506324021 -11385.26628238703 -9555.60030747134 -20769.662162510114 -19760.452588962406 -4533.874214040766 -17272.749561619792 -17657.47613017316 1795.4049260851182 -22028.4380013017 -20639.57892230181 -20065.597126305693
0 91 125.37458892645023 -59.860889330980044 -19.567270885288178 -83.39464919095208 -127.21511349070022 139.79594037421117 -16.334378707856697 -10.979225649875204 74.3331787515359 77.26703581147292 64.41450137460546 132.89294930618263 125.95483083707639 43.62867937604343 109.4974615657298 117.82714920987421 -39.285540354445374 145.2054218161993 131.05422431183072 129.28051420137916
0 92 -5695.15914788846 1062.4369778971527 -101.88486567128356 2311.9303601020897 3085.7921056824066 -6215.916410975876 -89.36104917095683 117.50080753217117 -2825.9358294489007 -3041.322408444892 -2592.794988203861 -5896.195977940943 -5467.430515402682 -884.5589385646996 -4943.911529673423 -4916.379494606175 519.1688161256887 -6321.30761373885 -5979.5996097236775 -5822.617984284918
0 93 39.2657623407416 -16.51485041431828 -2.2177087804152493 -21.173270205487555 -37.195167961949686 43.20609970552089 -1.6966215890375265 2.4162317213057505 20.300322816669187 22.90543553138374 18.900441054334646 41.13659748623534 39.270911938389176 10.355312758588992 34.268888380397755 35.55440332930391 -6.9713183325549375 44.24228123861595 41.22292513194909 39.96858594252523
0 94 -24402.421773091828 4678.028732992193 -32.343665690019684 6267.594827280068 12191.404768590572 -26614.58241471494 -110.48075902485988 -1038.317350428344 -12185.355124603257 -13835.010943323845 -11660.651971638512 -25607.6269779948 -24182.757758249445 -5053.478102362784 -21359.593105034444 -21661.54865525798 2001.7676453317456 -27199.523892983038 -25598.48560193659 -24884.55027545822
0 95 3.176442308829225 -1.4010195679740687 -0.20998190697029978 -1.9088904756364087 -3.093764605300952 3.6278653019166773 -0.17247020298682514 0.22987482489056343 1.6202910158989465 1.8197339155229877 1.4653419158257632 3.3784267902825706 3.3379558043853153 0.7824741933581151 2.8481751492934952 3.0384301219888257 -0.6856151986774778 3.734163219959067 3.411913263093351 3.415333676535998
0 96 2.2665372437474667 -0.9825860170946642 -0.19509835569080847 -1.3557695822592477 -2.2639003046051513 2.697035064137679 -0.01579541340765092 0.0473259325620336 1.3300866288921316 1.380056632454332 1.1672116246057134 2.469163922284185 2.334106081551134 0.6982653513714893 2.0959674730292988 2.1928124703507477 -0.34154056811815947 2.6246968908149957 2.3854622521485607 2.3111960948289334
0 97 7.39781090286839 -3.128466311811599 -0.4060502095146862 -4.229518502131098 -7.103105894681786 8.114002772936646 -0.35061425743186353 0.2822612388758752 3.938465317533219 4.229749716760459 3.6347221724361676 7.795592683182129 7.477904819386754 2.0198119080535153 6.44173073127712 6.6450056036069185 -1.4363312893765323 8.502323188441983 7.881313926371182 7.677379495909397
0 98 3.976838778765629 -1.629054755882074 -0.3363135725609627 -2.3236118731710294 -3.791023509891656 4.4075946793194225 -0.25630929613352976 0.13603058271421886 1.9908102018321503 2.365459149389249 1.9599556999774461 4.11813666663304 3.969093388811261 1.0471905822748124 3.4246467639381843 3.5912878916511914 -0.6880323391191961 4.503333795209291 4.000312488024477 3.984545343066776
0 99 3.2666301046629966 -1.2955174544388361 -0.2615506038725428 -1.8830759821821537 -3.218945902805356 3.6709013169632643 -0.14027044520547532 0.11419159815948253 1.8479941006756593 1.85888978533577 1.5076084051466696 3.5915320530892743 3.261369974533034 0.7782283706635198 2.939954888662548 2.9378268368451037 -0.6356838394956869 3.715426158258325 3.5375160442945663 3.3248841636334023
0 100 2.4042389067709853 -0.9081681037227118 -0.1928656891627778 -1.359667235866339 -2.3974440289557193 2.8180986110483714 0.0011955181044316365 0.08080030225670294 1.2466037213918748 1.4459351172413495 1.0997680883412797 2.587089972316786 2.4381533905829094 0.6404927580570043 2.1002005058840676 2.170373674301626 -0.3695911148847183 2.907377562167884 2.535413671311268 2.4956861204882004
0 101 2.8300150122953895 -1.044702179662791 -0.2232899128433117 -1.7258264160433474 -2.5933116716270983 3.0916540494769458 -0.11055868855467925 0.02292433389680162 1.4941831019741902 1.5495203455141453 1.2796356015337995 2.945683383291981 2.87535052697284 0.745085381203607 2.4673649299448503 2.5797228428491867 -0.5264965039741015 3.292029590835048 3.053543870695001 2.850012437958654
0 102 6.526032001411049 -2.8231033237445153 -0.42835810329232793 -3.7586809923841678 -6.191000769583009 7.263939947364448 -0.35218281398822493 0.3075395537644567 3.4032843626127103 3.811547586288025 3.0583793586931622 6.882759646192339 6.612342578434243 1.664807425337872 5.670513997065427 5.9277990934343725 -1.2428645568712495 7.37293088403478 6.914302550745802 6.738382691517451
0 103 4.644351586503554 -1.898367227793171 -0.1918487623996776 -2.738316313892697 -4.58350896871663 5.2219581014252014 -0.21492675281051862 0.13958126104191385 2.557234588262199 2.8067054569935412 2.1713951571643633 4.9339868402297 4.647658180917511 1.277139789849165 4.00993231756052 4.352056810352342 -0.8389799571836054 5.28324262364213 5.014908871784107 4.773689047036948
0 104 2.6349806804707874 -1.1925764757046449 -0.14389581255351327 -1.6843233371546995 -2.503083096567319 2.9328163509479324 -0.18536006235899327 0.06923589591393325 1.5142261475215844 1.6773387773854365 1.2214838285208853 2.8857057061848677 2.6918313636867537 0.7787128183110363 2.4264776610785215 2.438248512577937 -0.5890605842500601 3.177075920084772 2.8254930353906915 2.7677833526664997
0 105 120.42370399125736 -49.957143610887336 -6.523679806743045 -69.52627020899892 -114.50041272102416 133.11136537140047 -4.893772515438033 4.9085448538464815 63.1772190627719 69.62499188061844 57.549990792922785 126.66651494679 120.28777595331344 31.5212585512715 105.2739630074325 109.34008506978779 -22.119501422321672 136.86982625603773 126.71396074331378 123.05665943388938
0 106 50.41973509834069 -20.466240390058626 -2.4461683260538667 -29.508630271104884 -47.99623418237236 55.67658918019318 -1.7627806808251436 1.484614815655578 26.505465921984392 29.1018270712161 24.043557381523055 52.94458235669566 50.24993631327661 13.245899998988426 44.07960514443474 45.696955876352604 -9.362776883777887 57.29267083601193 53.02134549494533 51.55409125193551
0 107 147.19495593889718 -61.232432489230426 -8.30243194352405 -84.50737696262703 -140.07752747461305 162.39356151325958 -6.271768357959856 5.807030959928898 77.24946858572942 85.31509814567112 70.53175640969967 154.62000084219014 147.20274865216976 38.629258467134356 128.74140399863742 133.60499437502665 -27.18107977212696 167.1001830109502 154.78273462082572 150.28338753661953
0 108 79.97718133363455 -33.029018126306475 -4.308149969111089 -45.9710514664928 -76.40159238724429 88.33245200764235 -3.279244901623069 2.2331800868859806 42.00011144061549 46.466700676845974 38.31975152708382 84.03434893954612 80.05554272926442 21.21021115480499 69.85651731518725 72.64185785127185 -14.985048918647315 90.74450547988981 84.05718153737607 81.64683240064569
0 109 128.95734538428707 -53.72059501388736 -7.027276447255336 -74.36037816188129 -122.71767592911708 142.51427526604522 -5.345548690440049 4.695922163712606 67.76948323320066 74.76114323074252 61.68565037777161 135.48004845059523 128.85459585812163 33.75392679733486 112.72701776458548 117.04518221122805 -23.631137431816747 146.43545486768878 135.66851505902454 131.83053928255794
0 110 64.72404038119504 -27.092918845133827 -3.546719387498485 -37.379729577591995 -61.73313279013508 71.47414743991256 -2.68026402200563 2.484557063692315 33.972263984409565 37.50507923759237 31.031007442668727 68.05399257016762 64.76371884305583 16.925154687646746 56.619510905699045 58.646764457784535 -11.924837282819789 73.41540986484827 68.10094659653659 66.20336022961195
0 111 23.261951526639862 -9.553890029702902 -1.17245322324993 -13.535936076608364 -22.11085311137199 25.79221250098513 -0.9456255017049431 0.4638706003924493 12.210068748729505 13.379898929681993 11.157606071594484 24.45262514634321 23.113905729204063 5.9020379954553315 20.312257023983687 21.115996053210274 -4.3042863061129255 26.53871969911764 24.451612659891055 23.69319266121855
0 112 78.0875987384697 -32.41440904714159 -4.167625768882359 -44.82626878434528 -74.3045693984583 86.29101638934887 -3.247829447478123 3.2914291733306458 40.997451302235625 45.312776260295955 37.438397804123554 81.99515502017428 78.12987460028211 20.515588838334274 68.28205305897633 70.96965844114966 -14.496944883595813 88.63063205204122 82.15790744250235 79.75592462888092
0 113 35.009581720427356 -14.506419269193204 -1.8822836012584392 -19.942713285806295 -33.199410302709246 38.52292457625249 -1.4045528963056495 1.1897041231907164 18.232571980348954 20.35347233571721 16.77304442079422 36.602459462541944 34.88021453793613 9.124700743918893 30.573598027418818 31.72757841027738 -6.370358495257987 39.584261169091 36.668345791153925 35.731938355026486
0 114 70.20475270740342 -29.36572146317927 -3.7655920113878927 -40.32024259532089 -66.81267748818594 77.38896844387547 -2.9677981626704812 2.39921048750854 36.66913022332951 40.56830110934794 33.53509246403526 73.54879709801546 69.93570709618739 18.239561310015446 61.329772473013996 63.5454619934478 -12.94965754891181 79.4091680231603 73.69918752742856 71.7070996167422
0 115 41.78016462505563 -17.524945908846234 -2.274833480090252 -24.006923866309872 -39.67498037556008 46.00058663032841 -1.8658564146713954 1.7111679925669563 21.81046352971095 24.218695244585593 20.073694059562136 43.80495483875994 41.632897148094266 10.80939590881612 36.46232696943332 37.71720295419525 -7.623298226199706 47.22626741536396 43.77784968212489 42.681945570506265
0 116 7.304323815936144 -3.1381828522348316 -0.32186640500928576 -4.393860233127813 -7.164321588050175 8.058725103131186 -0.38933715836258626 0.27065468476899396 3.7865682059992647 4.149770946631578 3.5132314051961857 7.748572861878829 7.306845562175367 1.9153342370761943 6.3942162645236635 6.641935467605607 -1.4215807119052195 8.431406651419604 7.74938945558953 7.480231760337651
0 117 23.50935397580605 -9.712495029976841 -1.319617626873566 -13.456090021851141 -22.302006576842317 25.83385604934585 -0.9566494433033065 0.9851787847511385 12.265517492897484 13.523097412037428 11.238272532267175 24.601696949933856 23.437266559535608 6.144133979584277 20.411056934167608 21.391588784671878 -4.282009781248747 26.565368434288047 24.66272731364379 23.94782994159078
0 118 14.343119807187595 -5.994149120699128 -0.7835462958154182 -8.191721496045735 -13.731490666465392 15.764767899348149 -0.5991886187534771 0.6223147203524333 7.502973462969965 8.401172850589054 6.8579276404736795 15.160962101198733 14.32105513125641 3.7261261803568337 12.518374013013744 13.010393371279878 -2.550195728935663 16.280457031291355 15.154062499231527 14.7443247500854
0 119 45.22048121378317 -18.97990286180427 -2.530692894975741 -25.963043084322024 -43.118191681369886 49.84429624574452 -2.0281975816938127 1.7429264809226637 23.64236847748425 26.10630068999743 21.66211434208107 47.4436337467371 45.053650348448656 11.687285874146056 39.543745649003576 40.91954725928723 -8.325875136453538 51.135326740086704 47.437665184333724 46.078293893065904
0 120 61.741830596710756 -25.692662672227268 -3.4031191829714924 -35.70314093037745 -58.9419434032918 68.21754315405384 -2.63318644487985 2.2016677436507073 32.45516814327073 35.82788711730776 29.710057132310883 64.85809292316651 61.685507219731015 16.108136299586324 54.124702255539155 56.02601521011812 -11.424866136720892 70.15457249255589 65.0618835896572 63.18266229954354
0 121 28.01549043293627 -11.462457181852653 -1.4061463910340242 -16.317533431147385 -26.628059023072378 30.91746308018402 -1.184756885722527 0.6976423596972572 14.740994186579627 16.203893137049565 13.507447438189129 29.40365122857108 28.060133712800134 7.264391590777494 24.638702414790238 25.514743217351516 -5.0879043565836914 31.829082591367715 29.534622474998894 28.74276037454573
0 122 102.53779367786437 -42.39241163138733 -5.585967357570197 -58.9213383334586 -97.42023534618986 113.20637998781321 -4.181572877294291 4.098636708705619 53.83804792360057 59.4732654394043 49.11467098010035 107.71243730843413 102.45241654232078 26.822100991672002 89.56881140942141 92.95034352128216 -18.969714821115804 116.32518077910647 107.78150731208488 104.71411560325863
0 123 45.592007194460855 -18.894952609787936 -2.3578400357822957 -26.162016414195264 -43.482091072186925 50.419114800291666 -1.7509108237240834 1.5887536879286097 23.933902461286976 26.375458229279847 21.809557424583453 47.87880913664206 45.686933103878076 11.926555939777124 40.00494237502695 41.31929581074665 -8.419426929334 51.80657046147822 47.947556739632596 46.74996647110159
0 124 66.45823413843866 -27.8190150791109 -3.6855116378169184 -38.28211708077074 -63.29415545375067 73.44954179280177 -2.7506034985495984 2.209414275246985 34.86106638165021 38.57861453251366 31.931139533894438 69.8041262316958 66.34695019816711 17.28465617729365 58.192363285328 60.33321066669098 -12.255163764825445 75.44226046171373 69.88730169196324 67.8942062961143
0 125 0.17753045388583813 0.017587489238384976 -0.10841851138450576 0.022826043721806907 -0.18041513595269618 0.16508017040788014 0.05596821118202907 -0.10687267816629559 -0.0748284382800941 0.03832234475209981 0.10006502931087162 0.14397779444291928 0.020664022373880375 -0.03383510589519149 0.17775914582008787 0.06334327272816383 -0.02995393634215057 0.09374131833751619 0.02929456682994289 0.10491190509336855
0 126 29.005046464442206 -13.84828208937788 -2.5521481951388942 -14.92626737556728 -27.971945999742243 31.80021370525298 -2.303370569951162 -0.003374366291423789 14.59208663641738 17.2095316724326 14.420438008050308 29.728496770175735 28.673271331716126 7.0359817633084205 25.52818098978193 26.137745043936995 -5.350518018135215 31.931337378230403 30.584294445607433 29.37113830943427
0 127 985853.7639833987 -282645.7915609977 7784.89852833052 -213343.73259359229 -513270.9391212208 1077839.5063881658 -48674.61562744563 -183257.16394661163 645931.8544055052 667177.0165539427 586875.5004437387 1018387.4254726481 1004872.5422287564 342668.30857479194 892451.6970736884 918383.1177495244 -120107.35477112941 1084949.8932736057 1013549.2241356453 1024323.0571797211
0 128 75.98947634563186 -31.609004852865265 -4.9569201793387805 -44.684936529808326 -72.95021963470535 84.07338816833189 -3.698215251500847 1.247222720349696 40.348075025306976 44.42136533037177 36.78230559376621 80.26135782431726 76.01275458668647 20.35321291834983 66.61848226872225 69.35845661948436 -15.689479481346853 86.42300324808056 79.82888649698539 77.82888605325137
0 129 53831.26782215629 -19147.95915318043 -1991.3350290531225 -30779.16866690576 -53040.953894460705 59994.83073694808 -588.157670905292 510.3776535113817 29159.559606398972 31494.043808543218 25934.895240749986 57790.25954460572 54541.34490306121 15497.193687585266 47198.8786045668 49716.18420640137 -10157.86574342779 62307.922298757716 56434.834468381116 55181.796439937585
0 130 80543.02368590904 -31912.900997107718 -5777.73973591187 -47833.207042095746 -78999.17196780852 89935.63320150872 -3360.7758649441803 -2375.0270421003274 44049.25353567344 47522.65628841439 39529.072159942705 85393.76262146534 81143.45186438074 23397.51396647111 70225.9666525844 74455.54237864548 -18446.28689753286 93092.81056390601 84391.1393982853 82796.27056687053
0 131 -84.11748359461312 32.05677398073953 4.537273692228271 47.199150021968904 79.82390827630084 -93.85635476894419 2.1111305392156132 -3.346100087408764 -45.28876056446614 -48.96369904057118 -39.99294722569856 -89.8066620201222 -85.1569709057673 -23.993835356435152 -73.38448315516752 -77.58416225676979 16.542187586034782 -97.59460659167868 -88.44506734173342 -86.22648107447559
0 132 -206.13342667934748 84.90469817365157 12.260588079297245 111.00571574928885 197.2317429195165 -228.3812193870458 8.381867642237044 -5.904382530084395 -108.25755243486819 -121.02730395445059 -99.5142369213428 -217.87445013495525 -207.68166794541588 -56.813187719774064 -180.6868573147885 -188.9762299657594 37.50855041379107 -235.01372802126852 -216.7965372213926 -210.66895021760214
0 133 55647.58322438569 -22209.24198728913 -2654.4586125239616 -32593.87314280312 -52227.10833804745 61830.168743962015 -1878.7370566243826 4257.873017590396 30274.229660663124 32558.688372718138 26391.560694665204 59314.167415182805 55663.139642537506 14350.676640446964 48271.02000119278 51395.547688685816 -11885.929941533348 64461.41438054705 58258.595973875585 57101.71147798789
0 134 -18301.396750281154 5274.169707103074 961.5534358834581 6617.260561817064 11371.469368211203 -19905.714208328245 978.4550215086559 109.5394492915673 -9026.932012599855 -10794.543102318876 -8864.649315142304 -19177.40012592301 -18170.321452051845 -4373.914900817639 -16135.497636504113 -16263.22769727351 2313.9400681569264 -20239.786639153706 -19199.30202688953 -18700.42402352121
0 135 685994.8454849158 -230325.395015417 -45435.29006560402 -617027.045340489 -756166.0669682864 779213.7239033997 35622.46047394351 -457151.55316992156 462461.52734693023 335884.8817581812 294041.8397231851 725263.6029869964 689307.8029624026 255994.71765359683 565121.2883326173 599796.9753189526 -175213.2053740558 852501.1642676763 720257.4138366096 717319.2059856242
0 136 0.07680607669431194 0.09596402263416846 0.06746546053862199 0.08836485195002698 -0.05694250729467707 -0.032670611510353026 6.996900444426433E-4 -0.06193271001934345 -0.09344971760424814 -0.014979853874203452 -0.009958902425543235 -0.07709488284104582 -0.013949345848779344 -0.02675114939971318 0.05587894494024503 0.012218989775540378 -0.08205646896859974 0.0206783809271121 -0.07646226596987452 0.05570204884895211 0.029716867767149477
1 0 0.047378643419203816
1 1 -0.1152659428026527
1 2 0.06383836508577459
1 3 0.06947932144518251
1 4 0.046612214235087136
1 5 0.03572354644572533
1 6 0.009961375303069647
1 7 0.007568374076008768
1 8 0.054573068169715584
1 9 0.11029427699219141
1 10 0.039502230870647956
1 11 0.0866656925432605
1 12 -0.015091893691472237
1 13 0.04759330346858981
1 14 0.0976814147827511
1 15 0.028549381347065427
1 16 -0.06371812941351995
1 17 -0.00959471412641787
1 18 -0.0018432466500547973
1 19 0.09164801213682205
