## RankNet
## Epochs = 100
## No. of features = 136
## No. of hidden layers = 1
## Layer 1: 10 neurons
1 2 3 4 5 6 7 8 9 10 11 12 13 14 15 16 17 18 19 20 21 22 23 24 25 26 27 28 29 30 31 32 33 34 35 36 37 38 39 40 41 42 43 44 45 46 47 48 49 50 51 52 53 54 55 56 57 58 59 60 61 62 63 64 65 66 67 68 69 70 71 72 73 74 75 76 77 78 79 80 81 82 83 84 85 86 87 88 89 90 91 92 93 94 95 96 97 98 99 100 101 102 103 104 105 106 107 108 109 110 111 112 113 114 115 116 117 118 119 120 121 122 123 124 125 126 127 128 129 130 131 132 133 134 135 136
1
10
0 0 0.049851437581464944 0.4221980126588634 0.07365002715572935 -0.06989608863478843 0.4782005431557887 -0.4796729999948527 -0.21810611206486819 0.45212230834380784 0.25284075519090965 0.14878002583191446
0 1 0.077439843598389 0.5108644469315191 -0.005681526198430715 0.032935291509351025 0.4377446340835332 -0.40834953956755154 -0.08712377678637825 0.5839998543057595 0.2822985245150443 0.006774904714455017
0 2 0.24726196179731372 1.2769334171211812 -0.18424681664994047 0.00867116555165659 1.2151460262262863 -1.4359199259311826 -0.45840581959699 1.4276836494817913 0.5735471853165549 0.20449171174346625
0 3 0.2062896846954615 0.642205864932159 -0.056464216612364004 -0.02023038006522481 0.655441429042335 -0.7171263876830325 -0.25964046964645987 0.6947647910594118 0.2276076000313534 0.11819217492409051
0 4 0.18225617733573266 0.49726672597360216 0.06313291953918422 -0.05199248930474731 0.3342344720938441 -0.5222353519096762 -0.25635321283794277 0.5018392884249162 0.21765085334532203 0.0013605678188452971
0 5 7.203011169316808E-4 0.21704497923435073 0.04197733171158968 -0.05695516256312587 0.09468374695040464 -0.19071218924292302 -0.10328875002512496 0.23218840856688616 0.09185590013100156 0.07913965031554583
0 6 0.07140255112827242 0.23724725599198354 -0.09908290027821202 -0.08207669839631035 0.16929342175609774 -0.30982594128276997 -0.08407764863037637 0.21197295933503651 0.12070738671535301 0.08446345774039424
0 7 0.07018623441405375 0.6332598308704449 -0.07680106844273528 -0.0806467152596271 0.443582826865038 -0.6355035686215186 -0.2370073676935753 0.6182276791392252 0.2703600104873407 0.1532023699454563
0 8 0.02943839937279836 0.29675101185665825 0.004322591376291143 -0.05424187273398114 0.3063376653925696 -0.3219904053194222 -0.06131586789790048 0.3231064199411953 0.1802168343198906 0.15043834635375544
0 9 0.11675313290756344 0.191571797889706 0.08503256991030073 0.04471919189241096 0.22571939676198582 -0.16707112652007786 -0.061506246208161273 0.14846825679192677 0.12900428574557413 -0.06889974774570752
0 10 -60.34360030071208 -292.3581331595473 21.990102716642273 0.19258477847109412 -271.5390264529227 323.8986971422086 96.5806646618206 -330.05707157631423 -114.99549927750171 -45.33522165346836
0 11 0.23312910067315748 1.302028208627349 0.1797334004704123 0.21372686724387033 1.0520005943804869 -1.353723416219155 -0.6794700014684437 1.4513188300652622 1.0074461816266793 0.2272975564472455
0 12 -1.1977314371384205 -5.002608864696068 0.31178651723026307 -0.24112174317941498 -4.661090932236252 5.201585757932809 1.6720344690441546 -5.588514545539602 -2.4116305221585614 -0.8428542751380066
0 13 0.009961562413704479 0.25311866101909014 -0.12408079291872995 -0.21405262801515015 0.34041816305249056 -0.40803597932968816 -0.1336882249783098 0.25601953929715965 -0.004966956892221351 -0.0070187361391689
0 14 -61.096899535842404 -295.7848308409535 22.248958768988025 -0.11689404396044528 -274.7437075914584 327.30318404482074 97.43717771436222 -334.08170350747275 -116.41395260803374 -46.03709645577514
0 15 -0.013655299183450698 -0.05266574347010504 -0.04327831026878261 0.046333539965052954 0.016261999782355263 -0.019668886091107653 0.06221545187687505 -0.047303780248299794 0.05302673507281832 -0.0789146146841128
0 16 0.10187400670480344 0.05701366076756137 0.11822184812588284 0.07075315909170955 -0.03382731400097212 -0.0896203920112157 -0.029658856053267017 -0.09094064030424326 -0.08448170128325186 -0.08679605156528589
0 17 0.033901235741136876 -0.023458787602565045 0.03410456721263728 0.0521405750958572 0.048668213355679245 0.06830836098794353 0.041230792334959826 -0.017070376306140386 -0.08731296813177669 0.0460578882964944
0 18 0.08489427998062096 -0.01877902991130324 0.07052161165197117 0.051362698531950746 -0.07718318029006863 0.05573638128439949 -0.08494694146026605 0.060012741196829616 0.0844741381677471 -0.005801312389038221
0 19 0.07988386296038805 0.07012486932881784 0.06066281536870618 0.01261410744100661 0.08705390850514483 -0.04602065984058819 -0.09193662296509862 -0.05957773850559671 -0.03341442971871957 -0.021550225774151742
0 20 3.5492962698740573 17.888060946860513 -1.6527576008109206 0.6653076282923164 16.591475525516643 -20.338853201703433 -7.009128212622229 20.026226049613808 7.596556677483151 2.8473898587021385
0 21 0.10833644992027101 0.9309286828547311 -0.012499207750509042 0.054628677659966506 0.7319198330290989 -0.9205858439504399 -0.2619844754037498 0.9731932635118304 0.38108055385745954 0.11814021625381346
0 22 0.3203595300001525 1.4188456312455637 -0.16713147752870025 -0.006321598009884181 1.4265034355690476 -1.7856887337622656 -0.473998606609099 1.6869024312840357 0.4074662301456566 0.24541435743348164
0 23 0.17756239238182528 0.7370476975475405 -0.1599529220171298 0.008105748723939066 0.7579102919190296 -0.8885342836378308 -0.3276947471600343 0.8716453204637724 0.37265680061507583 0.05078499630582652
0 24 4.268021525090361 21.016649515884126 -1.8579090319795748 0.6412402676035008 19.41718437735149 -23.79006417988271 -7.9855614119355 23.50560688457341 8.7116871774046 3.26565750982767
0 25 2.0222911960715497 9.344027654987672 -0.7668178075860936 0.4718616561950354 8.593142918503244 -10.446194909120843 -3.5324657028533535 10.590978047049624 4.2052104348613355 1.5037174389374575
0 26 0.10221375062729698 0.33819714881191015 -0.03941297872709493 -0.0033151501007754806 0.43972574229365846 -0.48367060572866555 -0.05392857341723848 0.42384387345811975 0.2218475971213777 -0.014649975794678104
0 27 0.09440370429142636 0.8209817305231742 -0.10029618658512503 -0.0800594185548504 0.6390737061752698 -0.8352091348771079 -0.31462658688053813 0.9160402162996126 0.24469131981351386 0.053911524407149684
0 28 0.12620618631188496 0.3726456673756051 0.01604395445445795 0.09203686692925633 0.2231033923729659 -0.2770090785920641 -0.15496618309613394 0.31316861880054425 0.21162158297826283 0.06393021352934147
0 29 2.387693774128685 10.850423012663542 -1.006238858554643 0.34170263027532843 10.011976473999843 -12.141847641400137 -3.9098362787423104 12.262406830892573 4.795035005144383 1.7412180315944035
0 30 1.9746847639141387 9.797820044899286 -0.49246098947100647 0.4372073411801812 9.072653151049748 -11.226190744400292 -4.117586778891004 11.078828420506825 4.496955919942411 1.3983176677055849
0 31 0.13003164127905725 0.5637814346773479 -0.053110274011417366 0.10658168716349394 0.5783623478219774 -0.5122069155187858 -0.20778017408259958 0.6552451468699834 0.35189983330006563 0.030625349666905877
0 32 0.060655009445914364 0.5516119026786267 -0.059734034027833637 -0.08865883646341427 0.5151744823390799 -0.7221981264675374 -0.12027639472671968 0.6625112050709833 0.13639260131734693 0.06307565340117814
0 33 0.09819506769816543 0.43345539825741336 0.0322858641456617 -0.056104768285988996 0.36578176404895546 -0.42000953874740227 -0.06641792908903113 0.6027778194864163 0.15907027597725976 0.054997556735532874
0 34 2.2478020618256576 11.281104949745897 -0.8039224943583536 0.47590477996840386 10.470504977480333 -13.0689098641371 -4.531408389270597 12.753463813692829 4.964375067886019 1.7611548476891312
0 35 2.011215881621865 10.090959256845624 -0.6747550054197161 0.4907341993361605 9.23780010262651 -11.308392840037266 -3.9816051678972975 11.304013224186281 4.605003113084438 1.5984537627679143
0 36 0.022631719836124102 0.4258996887567015 -0.13897888050032214 -0.008162722098548613 0.41599366730636966 -0.5388171955378258 -0.25677428255706064 0.6286033222150696 0.14109566350255148 0.1278109211077864
0 37 0.10669354194287908 0.8197505068386695 -0.0505278554860285 0.004202753663012137 0.6240673565231722 -0.7916524869511752 -0.1600641838864674 0.8060245896138031 0.2683528884786815 0.17939731970648823
0 38 0.06702523826904574 0.45454599621911534 -0.07774325909650037 -0.04248792163410415 0.4191524723353609 -0.3797376701555646 -0.05116675955331209 0.4012185979690736 0.10428825892530731 0.05790403291553248
0 39 2.467616734988368 11.560623072391158 -0.9668118634486987 0.3416342166493657 10.647427730110095 -13.180134568327205 -4.442770807627607 13.142408518524489 5.064208534247533 1.8403420979256326
0 40 -28.104411002815645 -100.01793747559138 39.030601890052715 25.674138349183668 -93.16191321909669 81.54088383978028 1.4482796501505482 -113.53566983630573 -5.430897105241838 -21.094849856535912
0 41 -0.059947731244824345 0.07433007491326005 0.12194481590348995 0.021472306948717303 0.024937313278456857 -0.09080400044314425 0.030459322261275724 0.0617670335972335 -0.017967409939171397 0.08060597821015592
0 42 -2.6704280121778017 -10.69268831631712 0.8751141844455346 -1.1727391500515791 -9.815612848056476 7.294150215843598 3.9313661585623634 -12.050122218251685 -9.799722810274055 -2.04292890085257
0 43 0.04599694997895933 0.13255960886281745 -5.122792435593848E-4 0.0026405120988653072 -0.04791101814105118 -0.055769778750255225 -0.066504555669074 0.0840795035066322 -0.06232264617546761 0.08937693311433237
0 44 -36.82522256650912 -135.16900967977932 43.4683263838138 23.193583528694493 -125.37663836062207 106.03979820682338 13.118427302009065 -153.00384438917663 -34.822435349554475 -27.86063442998115
0 45 -0.060115756844176194 -0.0018369773084785227 0.02604545779793151 -0.010931310370804984 -0.005511092046498362 -0.011171641671706202 0.05113058596402862 0.0805079869805629 0.008812793557141985 -0.026733502661517403
0 46 0.026070063274310343 0.14651447002594215 7.138710041545744E-4 0.03677108940867328 0.1292171063968275 -0.2655713398875717 0.00975080801799863 0.17101587140638141 0.07409033146042517 0.11091218426633881
0 47 -0.005956427217508408 0.20545449706982727 0.05147649624306639 0.07450338520738221 0.26863497720918256 -0.2596769655030999 -0.139045213322574 0.334667405546669 0.12479195738993852 0.010475532541056735
0 48 0.06173516870352935 0.07232041170888152 -0.0848737808025114 -0.06614313963092244 2.747834864638455E-4 -0.16758090714082222 0.01395551196549016 0.05066399053447354 -0.023593987746521765 0.07396801317061927
0 49 -0.07887526807112202 -0.0013115971493346283 -0.04473476851360816 0.09618230176616037 -0.0064974740585278115 -0.0784230895849104 0.04133742691799381 0.005694573879320393 0.0729120749049662 -0.0313281550743678
0 50 0.09302435127598269 -0.05948971730075107 -0.030364523658862795 0.041929698116292595 0.026625759470774345 -0.0046424824613054624 0.09102533486105407 -0.06116383002406573 -0.035412011231396784 -0.02721967304497442
0 51 -0.06703975064722062 0.14775813519062794 -0.07093873275096971 0.060817923998120936 -0.006149911046337203 -0.002640128879202285 0.0647288711480875 0.1167224672925083 -0.0025690872295011332 0.07752737253465657
0 52 0.10942213287971397 0.15950861031611063 -0.04794827448705553 -0.060898872796727774 0.10120549570006875 -0.151718801539999 -0.008470475371552521 0.11905630971212985 0.0734583861142471 -0.04986532136042886
0 53 0.10279194862157302 0.045531484462020426 -0.028787978392448902 0.07643058492703164 0.03538644334353276 -0.09191375595302555 0.0033744951644742015 0.11661524185622194 0.03521817500157748 -0.004917319231037858
0 54 -0.04388142539108208 -0.008789641221324399 -0.09798728119771498 -0.03660861244979491 0.036723646925326016 0.005664079515816197 -0.07955829856195036 0.028175691674481928 0.035119220819799186 0.02831911400876643
0 55 0.0013340082483586715 0.07377902749684569 0.06677964363923476 -0.06630667971688312 -0.00866713139724799 -0.10691408220437874 -0.07126538674088125 0.07610360406825853 -0.021480694435237088 -0.09028766555336716
0 56 -5.539762153436656E-4 0.14644575981493113 -0.012291101612501616 -0.06659537425309264 0.09102547603807962 -0.14787138103604852 -0.13240859534527993 0.03813769774120957 0.07398845102058633 0.051788147189703794
0 57 -0.04897444636113002 0.19729580897916915 -0.09283405426912753 -0.06263340354537375 0.1912175760119553 -0.06331319351553741 0.03984861682012538 0.07456603277369381 0.011368586288620357 0.11981816642149704
0 58 0.08190341329430863 0.15288682854096688 0.05948186370469238 0.04909856257139521 0.07799342642402574 -0.10773060889452714 -0.06138930194223664 0.15614617253811897 0.11423535769297768 0.055586150953254664
0 59 -0.04529695950768133 0.058505358481723106 -0.0029655302685541516 -0.09418769982769963 -0.023024278659859333 0.03329703627110013 -0.004340197363090348 0.05440128023342557 -0.013535891527507293 0.09053905123613146
0 60 -0.0464324722260949 0.11248457544416662 -0.03764311959847977 -0.06576954788714004 0.09398731681880297 -0.09345498217003408 0.06701547740826433 8.015529459555952E-4 -0.0840677669346621 -0.0291482667343951
0 61 -0.025680990967825657 -0.0017170794959483545 -0.04442147160412081 -0.03952435956318941 -0.014677023824882533 -0.16281523406972181 -0.03778337039153552 0.09927168523127126 0.023158044337287704 -0.03623621017233249
0 62 0.013584396381971755 0.0925423083055627 0.0726002102738225 -0.089810549327572 0.1503607526340247 -0.21224024503474118 -0.03293065536482874 0.23226978185457361 -0.00934431397061814 0.06765713307569537
0 63 0.04099394014566413 0.1372478843706719 -0.046297110904136546 0.051745250977351526 -0.002359248887530213 -0.10856519627922662 -0.08404367029745091 0.07304392099584583 0.09118973067849039 -0.015907514840085082
0 64 -0.05812271150131283 0.09497648116455855 -0.09879436389314691 -0.05811493993148746 -8.230548881065697E-4 0.05105715810711276 -0.0737538188579953 -0.04437901539490995 0.020626964729426638 0.05914063525659438
0 65 0.03584159393161502 -0.04662100768379526 -0.0312588923767125 -0.012533395905929274 0.08115266032368293 0.07144972395307961 0.019962847204472868 0.05646982238320999 0.014401643575893346 -0.07252731077859499
0 66 -0.008501999550162339 -0.004892186807220136 0.06768669786508165 0.05624624101380887 0.059185016059555354 -0.08046036100424352 0.0943520055516771 0.03735364488820072 0.07805161696492073 7.066957985975857E-4
0 67 -0.006301920558423116 0.043193730078185166 0.014610551563328869 0.015355133996674023 0.014683631603543032 -0.062423702097185015 0.01795600714305318 -0.07129917015642868 -0.09858768045556819 -0.046720482378581965
0 68 0.017920716770202526 0.09713332960353263 -0.036984807949917695 0.0908850058169716 -0.0430839510467206 -0.024813092839373982 -0.03328838881377948 -0.09306046660320669 -0.028009715682050844 0.07880535683002772
0 69 0.06007979694998088 -0.06848508125481381 0.020282875945691666 0.046642910246739944 0.016749730239375434 -0.01345281076422561 -1.3539967468005365E-6 0.03543690797038625 0.05998092028556096 -0.08511995872341097
0 70 13.38984692784664 68.73283122429591 -7.607652052149741 -0.3236581574003453 63.715423216144764 -78.42739304646582 -24.153114338232623 77.51581977351124 20.386944182160338 10.357400646616986
0 71 1.6048584737525438 7.122792072250092 -0.4633506963399392 0.22849945716899536 6.619182365312572 -8.00082346225114 -2.585916327900473 7.965667604070808 3.330892693372799 1.199457583258597
0 72 2.1476575286473896 10.738842706213875 -1.3358569309298554 -0.1668486859481569 10.051487702622953 -12.329533858901158 -3.468484960571407 12.221473469951738 3.3649842760293467 1.6653085969991752
0 73 1.3177237299190572 6.330277120502129 -0.5744952602638929 -0.02624418248547612 5.963896747054807 -7.089389387187348 -2.083998163864004 7.275901556739915 2.253956739975043 1.0951974091449468
0 74 15.947944109236074 80.27795417147175 -8.916166282410236 -0.4173215016375507 74.52059169189793 -91.46855747483472 -27.85184893983376 90.56772681481682 24.313129592890927 12.148526099947153
0 75 7.120683688794004 34.243270135357804 -3.7887077733454566 -0.10090560444480787 31.825466004837786 -38.38906989556029 -11.73970894156405 38.649599017733046 10.600042347895624 5.527456016633476
0 76 0.7200099325043886 3.2380257033206723 -0.426785591076783 -0.026674728884484 2.9099825727570177 -3.7198100498753877 -1.0860271203268428 3.6423665481319345 1.268734561701891 0.5045940604232468
0 77 1.1154451039158408 5.003319302559156 -0.7847836547882601 -0.07996298444372905 4.7174058926574425 -5.692611213548633 -1.6755234858336225 5.589281059542147 1.7828691181191252 0.824323413262557
0 78 0.5268234045706804 2.759900962540154 -0.17892357054146737 -0.10068968048680096 2.573077437197384 -2.915435557899767 -0.9316935283449725 3.071477987101269 1.140795011696247 0.4857457444786683
0 79 8.295903467776329 39.72467150506151 -4.477484087270096 -0.28829656370549855 37.013617997812744 -44.737713216163705 -13.362501268045278 44.88688702820726 12.546064644036726 6.351551758258535
0 80 8.955043336662118 45.012249885943596 -3.365637373944288 0.9123492188698272 41.657887317240544 -51.66479950036582 -16.850095977610586 50.63316196182668 15.519800332953864 6.853618795461804
0 81 1.0129019721221644 4.96244587821929 -0.23540637521497473 0.1537677263137279 4.394820203626566 -5.380250433159693 -1.6776049250850489 5.516262014256788 2.267771513521148 0.9438242525391598
0 82 1.2024101439826687 5.404336283028304 -0.807695149001871 -0.18569791616571146 5.024005259748745 -6.40494916323128 -1.8318433090016661 6.116650521480103 1.6430336693351648 0.8197702395390825
0 83 0.9146415156789108 4.2303390780098225 -0.47254387122560854 -0.04141145892674976 3.83124702768524 -4.728483233539287 -1.3132741488193802 4.713133387060061 1.5598925866061746 0.6013252858509899
0 84 10.325189661736005 51.965384688728065 -4.174221456268777 0.8057761795911734 48.27877410999294 -59.753098637350874 -19.07009997167446 58.60675798069778 17.970703917208958 8.157468750150212
0 85 8.188868021934363 40.66549373699893 -3.7010067627224315 0.28858759576467274 37.729306507633325 -46.040977297079976 -14.452410833379027 45.90200227665157 13.08327415329394 6.245250497723589
0 86 0.9077683546924659 4.052485573829818 -0.29050266839437117 -0.004301696445283348 3.6594139061257662 -4.549109915664539 -1.411148284445536 4.530728663232704 1.8995669784865485 0.7873031510540374
0 87 1.1728099344801703 5.500217599502978 -0.8303123028070309 -0.11287758654910271 4.9704304435866575 -6.146578864121878 -1.6922500885690015 6.080125868039609 1.9027406685822765 0.9457138088496727
0 88 0.781601926581049 3.4597451727717896 -0.2831976309760185 0.027560942485090115 3.233222584666096 -3.8760216494287927 -1.1276827463957033 3.7985481642371575 1.39117219059228 0.4870244823709457
0 89 9.60115001387401 47.08998618222191 -4.683899388597842 0.13987234718618335 43.65181552027344 -53.270488502694626 -16.533120068630115 53.028707866290574 15.496772374157402 7.442605504760229
0 90 -424.39132757640266 -1619.5874446170556 1008.6345279500317 614.4081316960486 -1504.2013433035074 995.9290081957396 -122.84197492999574 -1835.5290931770614 -213.730846866531 -326.667843718627
0 91 2.021750423106147 10.594613089474223 2.9842407279961396 2.493290489743553 9.544588428583154 -11.624667367228389 -4.338862064404163 11.612748250451016 7.833185350978338 1.6868188404179236
0 92 -130.44293180379046 -530.212061265683 78.0593678569178 -68.23783855725769 -483.6272834197802 356.94737663648215 201.3564183719012 -598.0328309177628 -448.45888384398205 -100.97136334620645
0 93 0.4909759497322703 2.9186082685049133 -0.46421715042489514 -0.2739761936709818 2.8084633936272363 -3.3070208069957476 -0.8131208334589137 3.4526518139878206 0.30845912798122765 0.43035411750443
0 94 -537.7077540287902 -2073.5499725830623 1095.1200768872623 539.623185329886 -1916.936720935241 1262.8681038907655 66.92099192706864 -2348.7773123124125 -597.0583204185007 -413.446449441647
0 95 0.14163086115567852 0.17642262129626404 0.03641447109933755 0.0350383898545308 0.29198037332324567 -0.2992305661036029 -0.09397739566509862 0.3371643349673546 0.1804187901423334 0.13930709557935164
0 96 -0.04917281786842101 0.2710933012870696 0.00915208647494123 0.08219485454493798 0.2363588779783476 -0.11849853001688315 -0.04207207238757142 0.17731651666999163 0.14464763729482885 0.12274527768142701
0 97 0.17610255783254422 0.5956479176064254 0.0016311927682623585 0.018117870952971824 0.6232256549645614 -0.6920004985102297 -0.22152182793018294 0.6339350974102624 0.26746814797676066 0.09306370606326468
0 98 0.06558850975177291 0.3912293300381399 -3.426513179937831E-4 0.08656175108822575 0.3823691740998691 -0.2961427682735053 -0.12691587601312837 0.3014577339078955 0.06580911059145275 -0.04341917809867993
0 99 0.11428879916806921 0.34392463097660403 0.03247693452951173 -0.053322584752877 0.15466839668557952 -0.37008193964823255 -0.16360775137622766 0.2946171792035382 0.162091692694135 0.03952079727755972
0 100 0.06093512145696918 0.13940642119350347 -0.01667243077853308 0.06674041639290612 0.2627099438560521 -0.17858422715338976 -0.1485128251238312 0.1643046535095398 -0.004556459815415719 0.08641141369952379
0 101 -0.045556830111871595 0.2875635591033881 -0.08911991633110976 0.004834639459825415 0.12582210310435338 -0.2773264864690389 -0.07171236416784167 0.23427978544244515 0.13794098410337755 0.09134385329017922
0 102 0.12670411421880168 0.4443535359686345 -0.0744208450415432 0.07989403975242099 0.40771915354723814 -0.50127825077732 -0.1664291834153841 0.4889064869100701 0.13354178658168772 0.11586271963559325
0 103 0.03682580764773307 0.32248643975770963 0.03779928398512185 -0.002450136367601808 0.3630926182602013 -0.42404660237024216 -0.2051738045676936 0.4546328133124678 0.20958714990383714 0.05765954546428988
0 104 0.08015062653097527 0.22769164822018864 -0.018912808777101282 0.007130672149634538 0.11853350774603119 -0.3191416762714902 -0.03619625216122207 0.26542492884729174 0.033902020118781864 -0.03587977052522529
0 105 1.9507566258913522 9.386637157508982 -0.6116374293547798 0.21551048709092896 8.716268938619535 -10.6193205202243 -3.455570531956046 10.657417763412052 3.4907793818411 1.520009000033743
0 106 0.7624128781752749 3.9632842133629036 -0.3484108339660177 0.25282410545222195 3.6560282148199357 -4.407235101847014 -1.5356414056694319 4.480743797935208 1.7413330689647033 0.5925144717015735
0 107 2.4798584646439763 11.509561671411035 -1.0507904565368729 0.09405668090233003 10.657478142683033 -12.8045282472037 -4.017868178701851 12.946113882600761 4.17647794066892 1.8252505971244672
0 108 1.2375424970615876 6.356927124365901 -0.5392277014801237 0.1568532446702918 5.880672073019309 -6.9915045239391675 -2.185315573500623 7.1005087470415935 2.5293452843867605 1.05910403682999
0 109 2.112313431379102 10.21952327376314 -0.9391693193860381 0.03677923001787385 9.41075824773926 -11.31674939346277 -3.645654982330638 11.404111496225742 3.7658468942127885 1.5549884446727742
0 110 0.9987723125655138 5.023172829267841 -0.48052944541289505 0.04526130397739841 4.738846317282022 -5.692643750878239 -1.8243360065363974 5.795691097448611 1.8658808687427557 0.8185920951794481
0 111 0.3024556147151614 1.8244880182192376 -0.16665618895729228 0.016089058448218722 1.7321346994420086 -1.9971038820607276 -0.6621858052909573 2.0916019251884257 0.8777522952117914 0.2786804099130483
0 112 1.3685245447467185 6.141784031816135 -0.5640697015123005 0.18351653153248115 5.6906637183702085 -6.766199232243046 -2.0311695571863537 6.924336168124397 2.343496815132348 0.9403307481295226
0 113 0.48651370572629615 2.8057990657479546 -0.3976868559331057 0.12246801927668102 2.5771010455903105 -2.997081860036413 -0.8694401903032168 3.1351467370212007 0.9869156830693552 0.4276562164595105
0 114 1.0635261426689888 5.457643691580015 -0.6475781965670988 0.0851909807822034 5.19170614867897 -6.180240208948793 -1.9834128635777912 6.278999056706484 1.9954023538027752 0.8477973951838674
0 115 0.6318714234433727 3.370529815711997 -0.35847631599518986 0.02307140843094433 3.0100177899081433 -3.691208846209268 -1.2401281204851753 3.7000651699400433 1.1303244354553619 0.5452343881246338
0 116 0.06395973066574716 0.5243711171852201 -0.15874122864550497 -0.0845292757439145 0.4530454560699331 -0.5683120865347803 -0.15266846537583917 0.7352688743745052 0.2983589630262781 0.01825768991652077
0 117 0.35167186645521525 1.8289619785801012 -0.349445028887564 -0.037272937587725326 1.7721095377058966 -2.0698655381500006 -0.6489061036341683 2.0307460722542756 0.6277721770732364 0.23882862732874988
0 118 0.2428968592225746 1.047051105309823 -0.3069984917377832 -0.0888259314354567 0.9532679042796274 -1.1852594926736082 -0.39231617285303383 1.3604110597665229 0.3985366870021247 0.09633501411021769
0 119 0.6428577626925652 3.5257500305616585 -0.4310238031371377 0.027291194511962578 3.308638676926254 -3.8478091382799993 -1.153691900858444 3.990762507043623 1.2566653958041385 0.5676303553391853
0 120 0.9188577290220943 4.7957926511931745 -0.47481968367399524 0.08576778204598295 4.576183867980237 -5.34658543892497 -1.765023290918373 5.518861573849222 1.8620203045533197 0.8068899894897561
0 121 0.4388411589481256 2.1382935235531604 -0.3028245691498599 0.11875090374484089 1.96810282823941 -2.3439863702780417 -0.7903485576295065 2.5686317823138394 0.8860496436446806 0.3837363138310091
0 122 1.7052266745357043 8.084588161783582 -0.770157191651445 0.20599947238416583 7.40687618697769 -8.980251435559078 -2.788111526335896 9.012546846357823 2.944905864504723 1.386272129198249
0 123 0.760534305575686 3.685070993979069 -0.36354652588101233 -0.020250110377113134 3.415172183583482 -3.9048908171415273 -1.2800588444647338 4.11389674486122 1.3544572166501485 0.6529161716192919
0 124 0.9755061479124686 5.305409365236038 -0.6759210540599039 0.11524329569113519 4.812807095981712 -5.826569590588546 -1.8136337739932025 5.848669636586349 2.0055133686238618 0.8871245744687045
0 125 -0.10135690045990797 0.0953132370972594 0.06222999960552155 0.06753544313860256 -0.05982936637928542 -0.026919009220975672 0.10312564877942217 0.0673654170482316 0.013752899112628262 -0.10701540304073265
0 126 0.08673343193834733 2.3524048248206677 -1.383273831676166 -0.8347591788133504 2.185423215592262 -2.518855996626707 -0.6653156287078716 2.5895700575249587 -0.7259791968608236 0.15565954989348532
0 127 23390.981833406295 100526.86918678647 -83946.27081489952 -30385.477218689884 89549.52757234134 -39664.23038071347 47040.440377475876 112575.54908564691 128746.00534006977 19444.75870694704
0 128 1.2490783846480336 6.074348003512213 -0.420128301903129 0.0867322763714242 5.608240875005398 -6.886422437183302 -2.218296006259424 6.870640614710812 2.638685993401938 1.0401227514373217
0 129 1265.6644085207276 4340.014820347176 -679.6418549933891 84.60276832662383 3920.6780270253253 -4955.839835283328 -870.6931982155616 4849.646360460369 2679.0227129158443 1086.8058318555074
0 130 1595.5494001309173 6900.4524817208985 24.108440394934096 316.61552874793983 6247.631582932607 -7818.787314201896 -2414.707566237154 7629.641108135434 3920.8171583207 1387.399773511167
0 131 -1.3670048436940025 -6.716623594945732 0.2791311821986723 -0.052192735268874496 -6.288942059650811 7.550955085363173 1.9714765718210203 -7.627805513987018 -3.386451250449259 -1.143989767174316
0 132 -3.3201109011546674 -16.1690152017924 3.263170825028894 2.6660573257764404 -15.02610185045245 17.8606715124653 3.698213455923309 -18.166343260869116 -3.771886811906803 -2.690022455534634
0 133 1302.9284656053142 4762.024125816958 -977.4526327503658 112.79379759247374 4239.859694536187 -5084.109451747233 -1517.3141106816595 5298.958507223022 2039.778871994591 1139.505150770209
0 134 -97.09613668943082 -1449.7366252237814 409.1095088490166 207.29564190049254 -1449.4651166941935 1044.583110649403 312.8876042519111 -1731.6548769957583 -108.41656604159375 -58.40805238401055
0 135 17264.264718462924 86183.82786935428 102422.42648717112 46783.88424112461 79602.32983754425 -88811.25068216128 -59476.66336389809 94391.25038031217 205534.60176285362 12881.469934865785
0 136 -0.07645133832327154 -0.05198340638575065 -0.09980698580861398 0.010809168870339723 -0.04717825760389587 0.09746931622997071 -0.09440879098829952 -0.026770912084305504 -0.009310892394650537 1.0037730237058395E-4 0.07268163025323475
1 0 0.012871227051089687
1 1 0.1205772791099931
1 2 -0.21651965898011388
1 3 -0.08913983952287709
1 4 0.11525338647316444
1 5 -0.06725991264991422
1 6 0.09652445039763274
1 7 0.14356035969450526
1 8 0.19780109737958992
1 9 0.01003758359006652
