## RankNet
## Epochs = 100
## No. of features = 136
## No. of hidden layers = 1
## Layer 1: 5 neurons
1 2 3 4 5 6 7 8 9 10 11 12 13 14 15 16 17 18 19 20 21 22 23 24 25 26 27 28 29 30 31 32 33 34 35 36 37 38 39 40 41 42 43 44 45 46 47 48 49 50 51 52 53 54 55 56 57 58 59 60 61 62 63 64 65 66 67 68 69 70 71 72 73 74 75 76 77 78 79 80 81 82 83 84 85 86 87 88 89 90 91 92 93 94 95 96 97 98 99 100 101 102 103 104 105 106 107 108 109 110 111 112 113 114 115 116 117 118 119 120 121 122 123 124 125 126 127 128 129 130 131 132 133 134 135 136
1
5
0 0 0.7861618470649313 -0.09048537522487854 0.6508400733713696 0.6255494807028503 -0.4296726190020155
0 1 0.8534716226230223 -0.05152947949115699 0.7927870540389108 0.7086855894348643 -0.4289157962858581
0 2 2.5228439046317885 -0.10943450496121511 2.211976775011356 1.9403313608410326 -0.9701251166016187
0 3 1.5472352857983405 -0.03993618907901578 1.1384780449002359 1.19048163210374 -0.6043092932487246
0 4 0.9003935163104658 -0.14326340106299468 0.8490679754358549 0.770137920195193 -0.3474439807722765
0 5 0.46839087601181734 -0.04869422426602198 0.2497575447230067 0.2766144502762622 -0.23863698966427038
0 6 0.4362097123512061 -0.11142211759002253 0.4369848179651193 0.38405672206712727 -0.22111591170024553
0 7 1.1845354411680522 -0.017863128379900544 0.9530522259282602 0.8267170877981936 -0.5404008882252573
0 8 0.8424907621039229 -0.030951465844944733 0.6904490314981861 0.6054323218862385 -0.36178056358024374
0 9 0.4219105819073118 -0.1321598839635154 0.3391514677915335 0.2956864543338993 -0.2674587859360628
0 10 -611.9629048051003 61.308294370803566 -514.5758131634161 -469.0482504821042 255.1523022918761
0 11 2.6852782850602233 0.142731007543597 2.11070475488129 1.9436282864665355 -0.9501877282228532
0 12 -10.506730689270533 0.35566419544416583 -8.788932703136519 -7.841269711346499 3.168195316153147
0 13 0.44943482087116166 -0.25318701684245 0.4888609815164879 0.4902475617726829 -0.35359839400207504
0 14 -619.3395501099136 61.540888897217535 -520.7427473027841 -474.6436597898685 257.21658877215157
0 15 -0.023987977644511587 -0.05392277116305567 -0.023453884746679744 0.09419917778507632 0.0024558641298396597
0 16 0.10783243330267778 0.10056425529922483 0.07614536651322737 -0.014740844182896002 0.09572594623826061
0 17 0.02669381818773647 -0.0019252034417048965 -0.010286359505055341 -0.03532098076175999 0.09852120738325952
0 18 -0.02188044760644265 0.03969451919013244 -0.009197356157900008 0.10779676380628647 0.11241675919854276
0 19 -0.06783424563132433 0.08842799740995899 -0.012020183276538119 -0.007788571787758492 -0.03786137754695659
0 20 37.031119466476255 -2.7698324255772073 31.196202155678083 28.163900022238785 -16.03372031313151
0 21 1.82295110714573 -0.14586530472854134 1.4902671264878178 1.4023583292532837 -0.7800818081682257
0 22 3.0835268697718545 -0.3477916287464775 2.628568468460639 2.3396942940602314 -1.2799604688198372
0 23 1.6757875351084452 -0.13874045770223514 1.305524502006983 1.180857990983808 -0.6021055312751253
0 24 43.38476731640603 -3.337893428615589 36.59723748364498 33.10496224948715 -18.59622408815658
0 25 19.693207067440508 -1.2268396677443245 16.368991673125052 15.042979903107256 -7.678881833967082
0 26 0.8726160174615536 -0.15103246699273437 0.768226985003713 0.6741257641678436 -0.27756480844478215
0 27 1.5399404024765802 -0.03811919810415836 1.2808440947433923 1.2421103089728605 -0.6363528443847095
0 28 0.7271991316787609 -0.12477685166352542 0.6207425348430441 0.49019616263745913 -0.2741661272081053
0 29 23.041084650603622 -1.6054096556187338 19.246953178978515 17.542257200226548 -9.17729710851213
0 30 20.227472118720808 -1.3776440738643814 17.1640119914182 15.336015624090049 -8.883138011085009
0 31 1.1114025776017997 -0.05891488787243175 0.9982974278537868 0.9397408537254551 -0.466564862707307
0 32 1.3877090370793397 -0.18421534438378892 1.1635154630422149 1.0067481119408788 -0.47949141167432374
0 33 0.8768012220210161 -0.00761773504217078 0.6993969730094157 0.7510730261406755 -0.40277351247206383
0 34 23.471697956066294 -1.693599632353076 19.745630890862905 17.899860517382727 -10.11425192581074
0 35 20.9526696634091 -1.3115557460475344 17.54630726812085 15.97763705868081 -8.697929764950846
0 36 0.9632773680322539 -0.0656063728394955 0.8944718780012466 0.7173030440998668 -0.30326752491305303
0 37 1.5613168902726273 -0.10162763705128425 1.222054270021582 1.1346933783345718 -0.6870882180139083
0 38 0.7392267269025421 -0.025732967912988743 0.6388586762016849 0.6687872761723865 -0.3650098097494897
0 39 24.18664880368351 -1.6622280261550695 20.337018899622603 18.570812728797772 -9.902533279894525
0 40 -230.27420806486126 41.24843044830769 -185.16706621131738 -182.6263499781217 54.07962732208171
0 41 0.26685899793979756 -0.05850180873877896 0.22540428109887017 0.22013951966908796 0.02487401992592776
0 42 -21.33656815755267 -2.473711301980771 -17.966494823073667 -15.463128325448023 8.39524488144414
0 43 -0.022623583098188554 -0.10097376233570454 0.14378336791310467 0.054742433255984393 -0.014152197044264559
0 44 -300.7217115758141 35.09218420797109 -244.57001671299258 -233.92886421316325 81.6190564271628
0 45 0.0077784983712690095 -0.007726290982052961 0.15228352064344705 0.08013929708027608 -0.11530600683891737
0 46 0.29808014682630096 -0.03780482813745934 0.24713116151502879 0.3359560565332516 -0.14587433495913857
0 47 0.6434187585632594 0.03519009194844003 0.4662147682212775 0.3955551061936738 -0.2933941279748638
0 48 0.22833659628419695 -0.04526297500838736 0.2442638159077206 0.13926730990702182 -0.13908296358819694
0 49 0.18139385623326348 -0.017966809645564134 0.17589834511386587 0.09806855444048185 -0.11000734187741712
0 50 0.08907857988948349 -0.001969688652712189 0.026031326847552785 -0.060274046185713935 -0.017207496625537916
0 51 0.15457572863441013 0.028733351432429693 0.0591708325819666 0.05300825810376251 -0.141467494620862
0 52 0.18167163907985684 -0.10505878878692285 0.17958728136039956 0.12310917957573282 -0.13118204159365407
0 53 0.15300778584126895 -0.10304931326024816 0.04575336180032243 0.14255511154579112 -0.009334145458499591
0 54 0.051099137459146377 -0.016677379699242056 0.09236373792202812 0.09941594321412903 0.07825367535152088
0 55 0.0654960367440183 0.029922565790379226 0.08090862050063811 -0.02418021716898607 -0.014774229883452056
0 56 0.1871352046523203 0.08645477455366803 0.2488157158817568 0.13428427014366362 -0.001060817849535407
0 57 0.3712431078285897 0.060151198564465 0.28181063639307147 0.19872650146401524 -0.17237537920282592
0 58 0.10807817007516878 -0.08364390992164682 0.19072153015435686 0.15027938165467244 -0.13277956285776177
0 59 0.1420551520813188 0.07722367449933956 -0.013938298307338323 0.10941644822418023 0.02515398129102965
0 60 0.011852793362204173 0.048224476124043444 -0.03436445576576426 0.10509992200141366 0.010089083853934283
0 61 0.13018664622104262 0.0448228078000481 0.06389961416339328 0.1414308077486914 -0.0776711196799692
0 62 0.22220354744589366 -0.10205404399643178 0.328345161627046 0.1809926569139582 -0.16992584869503902
0 63 0.1784148489958404 -0.058265778233435456 0.07027424299400234 0.10733010296372904 -0.023999807554645976
0 64 0.1204320035231938 0.06394901003026858 0.043892568193804764 0.012064194302714363 -0.10423230759519912
0 65 -0.012105770974992673 -0.02428112442314841 0.044825544832667964 0.04529219214091446 0.0773980788523975
0 66 0.03111971739182584 -0.03609567074719735 -0.03987730555236164 -0.011592231624536379 -0.05211719758188039
0 67 0.014585320882737837 -0.0255107303164911 -0.04333275510096235 -0.018966912767926065 -0.033796437760015015
0 68 0.016875586282841745 0.0159283242255484 -0.022805211676334054 0.023513629774688627 0.04913616594343208
0 69 0.025711659981738466 0.059482985217299 -0.08070604774233693 -0.04322599502088717 0.049646652086787875
0 70 142.9330390810133 -15.950915037431736 121.50256595049837 109.79579362188638 -59.91350884013443
0 71 15.066602001268972 -0.8711689750959662 12.589747631224647 11.61991535043936 -6.218499662589314
0 72 22.61319981242568 -2.4033053451357467 18.991632485336112 17.46154295179977 -9.154021470369038
0 73 13.398268631195702 -1.2588923757148465 11.184826876362173 10.369521807825443 -5.168473241453842
0 74 167.05992534050682 -18.426835284670307 141.56993209303678 128.50285730889445 -69.56944001247695
0 75 72.46823027490673 -7.4307847399410045 61.11369880875168 55.8808838718954 -28.127417996766866
0 76 7.007376196246622 -0.5025313248995508 5.817779168713695 5.248333636792738 -2.8285698577747964
0 77 10.560410836254931 -0.9648724628430035 8.850181350664252 8.1122607378229 -4.412590626718932
0 78 5.607527598058457 -0.5538152847195064 4.666843865367205 4.293270136447126 -2.1887319438167676
0 79 84.17167858680489 -8.510925984980334 70.82638804976762 64.86379203595689 -32.81415128487419
0 80 93.55996576341953 -8.833661989079983 79.34006983551905 71.92968646758138 -39.01669647660991
0 81 10.391389315987615 -0.6448349611018309 8.640115060810835 7.999111935314294 -4.150162421154985
0 82 11.405486506013489 -1.3522017680267653 9.515935031650116 8.858638459868828 -4.729798375508023
0 83 8.792259964657392 -0.8783332489695524 7.4340412138731615 6.797724179732704 -3.4478011121207994
0 84 108.57341958556331 -10.361524293005996 91.77970676478195 83.40379572783405 -44.850756269927935
0 85 85.0402558499707 -8.591579614538622 71.9857482834109 65.39579557480766 -34.14208017900025
0 86 8.559687030328611 -0.6169533621116491 7.124096189546585 6.674435765553416 -3.4407837202990823
0 87 11.439580179559842 -1.0982480250589413 9.642517496919305 8.790870202478404 -4.672655907161084
0 88 7.247427757291465 -0.6173793483554121 6.0442251465638295 5.562475610188722 -2.7367170713574582
0 89 98.71832209130419 -9.82528129081358 83.35251317301044 75.8535315396386 -39.59229785698128
0 90 -3476.6808881607312 644.3832129339531 -2883.7438369793986 -2667.070692812639 929.9033475637833
0 91 21.58312483857679 0.6007829025948639 17.951378499669275 16.36995849499529 -3.9323917136879936
0 92 -1055.7500108901413 -98.93886275388991 -888.2216788385823 -761.0456826009502 518.0056867450847
0 93 6.24219151163433 -1.1599771134755537 5.226470831366751 4.736524734780572 -2.4067530595633557
0 94 -4366.521194996276 548.4054710181625 -3635.443514504949 -3299.8875772596793 1471.6568505456376
0 95 0.6263317037022267 -0.1073366540281991 0.5504822718635667 0.4731857919290657 -0.19737503699718342
0 96 0.3843441179921305 -0.0371913061364747 0.40763656347438676 0.34616572092807396 -0.11467490835901331
0 97 1.1360388634643634 -0.10995461161924262 0.9560911681412344 0.8593114936191641 -0.5601524316151547
0 98 0.6574413130521319 -0.07411498149157579 0.5689682456665588 0.4412076893524285 -0.3237551519865673
0 99 0.5212142473727664 -0.06977629674217276 0.4671077671322801 0.37967724940496234 -0.15506396876330433
0 100 0.33271455513903375 -0.0966513463566848 0.320379743981861 0.2973108670722266 -0.1526921002553298
0 101 0.37957068395050875 -0.08699405525013172 0.48226516443202233 0.3000997501110889 -0.18742133570421507
0 102 1.0121742773880127 -0.024097228301897852 0.9561010424830161 0.8004206889783811 -0.5083701136503654
0 103 0.8600084181891317 -0.1507202996211376 0.6578153513535189 0.6773359182325273 -0.2366552967021718
0 104 0.5160094924369665 0.0358681048884519 0.4587039450222771 0.3031531379616705 -0.2454085063321178
0 105 19.678902177384632 -1.5705289830286193 16.519508041141453 15.036904786979497 -7.880854444934532
0 106 8.322578616843176 -0.5548947334224688 6.959706566342646 6.524595522027511 -3.4601347383532466
0 107 24.077223399353354 -2.2012329032898297 20.168043854995226 18.439343793304403 -9.60904213840376
0 108 13.127389102005386 -1.0356705915052011 11.043862575212023 10.08282038195722 -5.155383499246702
0 109 21.239890311361446 -1.7527142810327145 17.716616027842175 16.206343146615584 -8.582968930091768
0 110 10.632592897587193 -0.9292284718673817 8.934257659911907 8.154415080018786 -4.289197188340022
0 111 3.909183639205424 -0.34675365807634706 3.2792349093960698 2.844927138980632 -1.629910735945739
0 112 12.885112827252923 -1.1620703948784352 10.834255942275702 9.896424615031476 -5.0655224317527985
0 113 5.7706339424371045 -0.5101995233551557 4.743757982518209 4.482749940682221 -2.2907918930930644
0 114 11.551209527855496 -1.0566951104881812 9.67640600915509 8.675622297798457 -4.698661996413038
0 115 6.752770963759719 -0.6955528815735494 5.7490309627526175 5.216936154049652 -2.718251289679347
0 116 1.1266652536097692 -0.062129029771752824 1.05735073028718 0.9417528337088654 -0.47085160001342813
0 117 3.8257451930157735 -0.3266133163250987 3.190979786749345 3.023612465336589 -1.6404522646334403
0 118 2.253169062743869 -0.34182196766166695 2.0225595589272634 1.7219993846358808 -0.881129846560237
0 119 7.36183788581112 -0.6268107742028542 6.262543199183785 5.6770271106301005 -2.929403127315903
0 120 10.106533228999087 -0.9081768159387209 8.541038351225952 7.757195646265998 -4.036204367989425
0 121 4.684226072199515 -0.43361889352153216 3.921015426335302 3.522233042359652 -1.9515937056091428
0 122 16.892710642379676 -1.4941726353438278 14.02264955441475 12.915191556524052 -6.692544304896977
0 123 7.495870921859389 -0.795708613901483 6.381599282103236 5.835593766163576 -2.9350016069328353
0 124 10.913792585826585 -0.9156860759150921 9.081970241144726 8.413907952559658 -4.450052356402124
0 125 -0.06611301042056096 -0.018639592296516783 0.022145298792489727 -0.009255506993986478 -0.005548436310334244
0 126 4.01595368033038 -1.7340351193371462 3.7087670157638404 2.9224008671111057 -2.523840432817373
0 127 194871.01128666793 6568.313912994179 165396.60481986028 133436.9304840525 -51649.915221663374
0 128 12.653918984829351 -0.7877452707632218 10.701188498377029 9.697013877360932 -4.753456190461746
0 129 10067.352159620825 100.84257379707172 7929.446454275769 7702.983926175297 -3128.635725219148
0 130 14418.936983719406 -818.1242272642238 11620.64340074194 10763.2582037835 -4145.808041112223
0 131 -14.821460827741852 0.6273696242416791 -12.15991595456584 -11.371748483210675 3.8237890450202907
0 132 -34.13195401841952 5.168588048650034 -28.432465765967695 -26.07535517786647 12.212872845719499
0 133 10068.8888335959 -219.42426502301151 8054.332450294826 7695.877002268826 -3946.969126100411
0 134 -2423.1494606294177 361.3602020998024 -2728.5863387172562 -1747.8170447212187 820.3245023523974
0 135 160022.22360412127 96536.94096207674 135689.53365123246 110933.25943413751 10475.10217377377
0 136 0.03971891648592151 -0.09201190853491861 -0.01495113256920612 0.08033284293217165 -0.023240558486573942 0.0782420639788461
1 0 0.13366970628022692
1 1 0.04660598010949322
1 2 0.16375998415533982
1 3 0.09894457127171442
1 4 -0.07105950197808995
