## RankNet
## Epochs = 100
## No. of features = 136
## No. of hidden layers = 1
## Layer 1: 10 neurons
1 2 3 4 5 6 7 8 9 10 11 12 13 14 15 16 17 18 19 20 21 22 23 24 25 26 27 28 29 30 31 32 33 34 35 36 37 38 39 40 41 42 43 44 45 46 47 48 49 50 51 52 53 54 55 56 57 58 59 60 61 62 63 64 65 66 67 68 69 70 71 72 73 74 75 76 77 78 79 80 81 82 83 84 85 86 87 88 89 90 91 92 93 94 95 96 97 98 99 100 101 102 103 104 105 106 107 108 109 110 111 112 113 114 115 116 117 118 119 120 121 122 123 124 125 126 127 128 129 130 131 132 133 134 135 136
1
10
0 0 0.3563698881993027 10.14220528020957 20.965343242524586 5.90136102035171 20.82762977217131 0.5496053302761471 -4.0420601456621 -2.4324840715594567 16.434553466540418 -0.3839254074291455
0 1 0.49210182542401637 10.511697432885969 21.391422638768532 5.917025053104747 21.164769563304738 0.6131050960800523 -4.0692277481521 -2.347530134962138 16.882673178906252 -0.313538794612945
0 2 1.2680783695055193 29.732717638196274 61.171334790831445 17.253079941190588 60.480001984103914 1.4385517733495852 -11.761016248405472 -6.899494841317826 48.09702581567571 -0.8826148049016569
0 3 0.7695084182858835 16.85336151792701 34.36089598893649 9.709738079644765 34.17937428058034 0.8567373099189125 -6.787333018254556 -4.035738583906784 27.16705982970567 -0.4842411999061344
0 4 0.5233806001453474 10.691560005146425 21.73810452604474 6.064199284881727 21.600737087155824 0.5826853173021354 -4.130453347918732 -2.4475343753616565 17.106184567172583 -0.3361078558963176
0 5 0.2894217399031664 4.691335314060141 9.54875519767592 2.59448376074254 9.404294061629479 0.31808568148048616 -1.8369603885897345 -1.0790279211036586 7.5083955360023245 -0.2114708488769507
0 6 0.27393241819735653 5.210783745775365 10.76466785730216 2.9765982369141426 10.80538049384995 0.27953344783839124 -2.014333909295285 -1.3145256597609982 8.557866311770205 -0.17662000061146266
0 7 0.6094226585966309 13.508290163640401 27.706590744235996 7.7877685756235095 27.30008125604536 0.5646945505701182 -5.402439586491249 -3.265797437795533 21.786611484757767 -0.46630586177474875
0 8 0.3426603998651964 8.701271182677472 17.583707458687755 5.038986402344416 17.524079603322335 0.4716148033626914 -3.5304315442135583 -2.074276846089709 13.945419247617956 -0.36044210620986566
0 9 0.24594356423384106 4.841761489278698 10.075992506473565 2.713907014039485 9.868571546094747 0.26278022116420036 -1.9028681617472074 -1.2171771034640275 7.9444683716055895 -0.11327714406817152
0 10 -332.9840659372465 -7118.13621550516 -14576.903141342222 -4101.634923120634 -14435.0916817936 -334.58712682707176 2799.6366669346544 1686.6524113432172 -11477.573302700754 252.46599887162245
0 11 1.7021882009154423 29.98085363122748 61.17821006820865 17.363324820789213 60.589438860772525 1.6289559250109993 -12.721774516886592 -7.879185330437232 48.18013973702138 -1.6132195083892737
0 12 -5.0387893948046 -117.35027494483353 -242.43291002327666 -67.2015772563941 -239.83820657860775 -6.8293620971622895 44.318298538253785 26.157670395369042 -190.35956529612383 3.6128650789992895
0 13 0.26504424797998083 7.426928824320454 14.875131222547145 4.559819920454473 14.87536264460599 0.09533978185753945 -3.059755357513226 -2.1332204497258656 11.924172749554913 -0.6906185042546192
0 14 -336.2777144461632 -7198.068517684067 -14743.239561479248 -4146.94017716555 -14599.680467785212 -339.62435998452986 2828.01673117508 1702.852199440998 -11607.985829686906 253.77162966715855
0 15 -0.001334727067487895 0.09153950778268816 0.15710598666641043 0.10458654562495645 0.08169807870082435 -0.03816627540947745 -0.06117024073984021 0.06546699873026636 0.09316748184277375 0.011534220338041124
0 16 0.009778805991310832 0.01949181614325503 -0.02301097765329932 0.13580377233601887 0.11890796354368587 0.006125879932259973 -0.08504858140401615 -0.04035018335784277 0.08525006227066816 0.0020719410682512166
0 17 0.09460584713078408 0.14015205103793374 0.13540448455528425 0.14138505595659417 -0.011427024668954967 0.1046498987912868 -0.04671080682526017 0.05063421528963314 0.03240411992951577 0.07412708677169719
0 18 0.16170760351487615 0.030681505596478465 0.013852125724386904 0.05982847586659268 0.08014425567186174 0.07541342754580128 0.04470746485507033 0.016428242954405457 0.07673307265335993 0.04279994402100568
0 19 0.09581302304966091 0.11023804380960323 0.059219634123478394 0.06906903749874967 0.1508658940873105 -0.05120426594613466 0.016206176531994194 -0.003143912041301013 0.1612046649178774 -0.0960189392975639
0 20 17.893190305704753 424.84027850059925 872.2840726281929 243.75812464345844 863.7549511037987 22.38853928636617 -172.79938135672163 -102.02850188389179 686.4262595482345 -13.103327659276193
0 21 0.8512934533555006 20.7576666459594 42.63715609718867 11.989750813278983 42.07839393916493 1.1995451958571628 -8.309370634670831 -5.0259000800697375 33.547365428437594 -0.7913167727287265
0 22 1.7619697137201302 36.18225130656372 73.69563921441258 20.86482850263345 73.0618514355284 1.7594881915699734 -14.66950827572145 -8.893235272761167 58.09614247304835 -1.4637216023060955
0 23 0.9146057613706747 18.464536300491407 37.657042393605394 10.709250241101861 37.33719334789176 0.8939817924465081 -7.320518643932086 -4.404641136362845 29.69854516624013 -0.5974712236012966
0 24 21.43768069156713 499.97087569655673 1026.3332862918437 287.349856885386 1016.2739755102173 26.14311565565151 -203.1262065099166 -120.1943949486744 807.686149783212 -15.819451477958696
0 25 9.99521281099974 224.6402240282157 461.23084686163503 129.2028033963129 456.8554890070168 12.108735646570965 -90.15111851462922 -53.53005756219927 362.9099558495443 -7.681576096833605
0 26 0.37071139424824234 9.644397248054906 19.73278324686397 5.577709104912425 19.47205017014887 0.575552801670803 -3.809113441677585 -2.273376964035809 15.463855439594608 -0.3234725021502147
0 27 0.8340001998110507 17.699980550152343 36.30582294604842 10.248487400317986 35.972336487384325 0.8694035379043993 -6.974195063694762 -4.100027165105063 28.513800651362473 -0.49696013696185726
0 28 0.3318872087276083 7.678062433923743 15.979058289546751 4.418296481644471 15.705511564977309 0.2923847180262277 -3.1713661372496853 -1.8005300558753463 12.54655725491308 -0.40242227328200125
0 29 11.861333522873089 262.2713250086771 538.5909526090203 150.8891370709382 533.2878047252208 13.842937538764197 -105.1584676502724 -62.55528990557425 423.49094483114243 -8.978932682570546
0 30 10.10800405671839 234.22919149957562 480.85943049382007 134.245490498612 476.0476766619331 12.22309161883208 -96.94140328613884 -57.557210056640244 378.42447016505605 -8.273306425529546
0 31 0.652899274944612 13.19707606635433 27.14302384665856 7.542035804204212 26.918456791115272 0.7987772171059992 -5.443952392487046 -3.1662305612022106 21.405795004578014 -0.5294960457074519
0 32 0.7906678928722661 15.508579294735828 31.45282446904343 8.92414666617872 30.985951082786045 0.676000916663289 -6.600061208396952 -3.9428501884185976 24.797796792276955 -0.7279265286570524
0 33 0.5674472535123952 10.924647118692391 22.453478862533796 6.249603070657329 22.20553274044372 0.6298184399463321 -4.431889454725661 -2.6683526060421547 17.631750452378842 -0.5151307066043044
0 34 12.030213209688464 270.70459936051344 555.6493457081717 155.38997638685152 550.2971679408357 14.10026806795529 -112.02597272746607 -66.75149521609306 437.3495911308724 -9.810327926181598
0 35 10.516931679302468 239.0248676611946 491.069510348192 137.33580758784063 486.3657601320213 12.674760400009244 -96.9088964230076 -57.45242604613625 386.42293832868285 -8.053350111537256
0 36 0.4699072408643534 11.578412440759813 23.62097619126754 6.653476140012117 23.428156280415806 0.6897183050891152 -4.719877737947422 -2.7122916481067345 18.56560994530853 -0.4448669399563395
0 37 0.715623453888428 17.64477301479145 36.032750508785625 10.271405318176175 35.68546488670537 0.8540965478453468 -7.181846782292591 -4.230639072936819 28.21358718610248 -0.6082346138384526
0 38 0.5328757999679006 9.338020918234239 19.32998918743077 5.470684950348126 19.162522748304724 0.44781473531753896 -3.8776637768516165 -2.176752582093016 15.106226758958787 -0.39159548250394305
0 39 12.368600653565974 277.61635540707437 570.1198966354704 159.50592252578434 564.5368087471372 14.579663896139316 -112.56837337309955 -66.84977488081073 448.5721337113023 -9.436608741381127
0 40 -129.1946613772836 -2656.6934096548607 -5391.855940602006 -1578.0290295972354 -5338.747131085795 -105.2649380095652 748.964086036133 460.8040211767966 -4246.331585930626 61.27780196457665
0 41 0.19850198765167848 2.746607040005601 5.5318629044724466 1.7668911949753747 5.5816925263176875 0.18075341015511845 -1.3960441143367592 -0.9267075707507707 4.529121329622333 -0.49820336887510525
0 42 -2.6487753852664375 -208.65579154846287 -446.2507759441312 -112.68497143606689 -441.27684370508365 -16.43524223168038 50.86389885947148 26.04611887354624 -347.15686481459124 -11.55750591783908
0 43 0.03218200649387973 0.9486705539072017 1.7994840637209526 0.6114527882992102 1.8629345726340267 0.06439944838828651 -0.4541201307772799 -0.3094145113622282 1.330935479722644 -0.06642456204216736
0 44 -140.54316817490414 -3363.18173633618 -6892.33906387122 -1964.3082884616174 -6822.881383676675 -156.44867698179175 922.941234137084 551.8279299077468 -5415.906631986597 26.436731262020018
0 45 -0.012959906279603105 0.9846478536715843 1.9495552418449282 0.6177194158529659 1.82918459698153 0.07961964546535087 -0.3998744888675201 -0.25972790620193303 1.5094900527364086 -0.09297024529194209
0 46 0.1609440528085866 3.690232649184314 7.66484638608608 2.077740071384202 7.571192324363032 0.12900940943525413 -1.4709882783820276 -0.8581145773541399 6.019808190928462 -0.10394444631082617
0 47 0.3366648976222846 6.566503964428336 13.331043894588785 3.7251050907791265 13.335071806322638 0.3878923323098447 -2.626261251167547 -1.5992290899018278 10.551382471908955 -0.2068988223428172
0 48 0.06611691379931442 2.2885131512086225 4.7691878495147835 1.34386263046253 4.607773311663925 0.1630246060625156 -0.82342951599273 -0.61261631119432 3.773761004174602 -0.15411524567068657
0 49 -0.029124702438144405 1.1726168119025084 2.4649022526644 0.8149428362567249 2.5552854475671136 0.1502308915592755 -0.5925044662734156 -0.21634735678850292 1.9806528854277663 0.023470783752335165
0 50 -0.04870292405031207 0.3999855826505843 0.9165730036461238 0.18349599770005592 0.8506304996723721 0.1221044321870637 -0.24033956194130668 -0.15823603755123772 0.6305568274401286 -0.0016849385017881932
0 51 0.14731583235345067 1.8849931308678776 3.706721459550734 1.108651536955323 3.789774743534968 0.009375459266281912 -0.6750555928086976 -0.4812259311835768 2.983743133948597 -0.07485824193119557
0 52 0.1391784428143568 3.0996176350691034 6.3826142370388865 1.8408542481106738 6.231907483924124 0.06311374042387928 -1.1460268074088154 -0.819367340306943 5.003841569730883 -0.014275991991466666
0 53 0.09970726015458495 1.1612059097739171 2.2807177399541945 0.6393795484463232 2.2183313599862697 0.060613526285700284 -0.4661679002280595 -0.33853537304339587 1.9136779433721145 -0.1300596124088501
0 54 -0.06648895082607545 0.6004063240005636 1.130626387039569 0.30317617869652913 1.1539339081838675 0.10581129598352688 -0.2177177083736357 -0.11380204021423886 0.9734171622854374 -0.10588342530558977
0 55 -0.03476409657194928 0.4960447266003485 1.033002972545181 0.32036861036946745 0.9821427070675793 1.2928447607656109E-4 -0.2387464441438581 -0.07053336030833675 0.7265787272234046 -0.050579869862751745
0 56 0.057766401805862684 2.4397600878748165 5.292585401879768 1.4698234219076116 5.149409972310682 0.1192737710556869 -0.9978443932893541 -0.5255954310272843 4.0880097229936405 -0.09818022499867803
0 57 0.09618869513155232 3.2686428836057715 6.661802837757428 1.8269064739069796 6.664834144052955 0.08313411559412584 -1.3035950276028838 -0.8027989827040675 5.329932139520717 -0.2183508578315422
0 58 0.006421675074924672 1.509428953987942 3.1364553654367273 0.9447177902746051 3.0803252236891527 0.06292830304880043 -0.5058810378161304 -0.2810471095006857 2.3487239765084182 -0.02128717354724302
0 59 0.10665634795091203 0.7017586216072814 1.3614302524593727 0.42264335634570355 1.342532855682767 -0.010587490446290043 -0.37809570509830703 -0.23625724783809116 1.063123095454903 0.05649301575442204
0 60 -0.007302711237079518 0.4978777538446543 1.0167722311330052 0.3403608933252692 0.926160158773285 -0.06089466609681676 -0.1232854448543746 -0.08806901782753429 0.8535902934457116 0.06917122268373803
0 61 0.12483956678527311 2.2521091727467795 4.473089675089383 1.2355957318323563 4.393738839669693 0.12483658679473264 -0.8465855767821111 -0.5123178011289696 3.4705783215151227 0.014521583723836273
0 62 0.12855686642462222 3.2355237187115455 6.627202794606107 1.88943977646298 6.610198318588213 0.08036719150559815 -1.3450338491201392 -0.765046271320124 5.216101743024836 -0.21515153003533033
0 63 0.03572780141018954 1.2302961751739718 2.742183825557153 0.7373144616288538 2.596177402238412 0.05517398028674587 -0.5243818831655108 -0.40033427142486355 2.0501282506225844 0.022155398360276364
0 64 -0.06708833507356705 0.7451731896168251 1.4095891759166312 0.4539880310366284 1.318749135288673 0.08064791530355245 -0.29654852319125785 -0.2510453897152744 1.1487029467178527 -0.011139855657939313
0 65 -0.09246497173642176 0.06062712734715792 0.0179587097622362 -0.06397296444630832 0.056200987953412884 0.045651516643308805 -0.038501020207212744 -0.044707254925397386 0.07732044405115088 0.05268884317442349
0 66 0.07647430158818444 0.10795288845010348 0.09896240972187582 0.1302107695559072 0.17620956466159685 -0.022221319859645417 -0.13423342740490912 -0.019513167459980527 0.09704059434996708 0.07523629238644627
0 67 0.04038421307629313 0.010801985555039438 6.671499971977596E-5 -0.08498959537249896 -0.05872851871850391 0.09272003161745886 -0.08985281934868264 0.04774624183792451 0.011809583930398306 -0.017179655575117834
0 68 -0.026125308382831013 0.05143480615491935 -0.007573450976867675 -0.06074618881347997 0.03415213648591071 -0.08578946581406369 -0.025190075791736433 -0.062135115699500296 0.10034188768387219 0.05042173558089515
0 69 -0.08432814589689926 0.08819673411328227 -0.025615408342971387 -0.06218869486782408 -0.09611564098726037 -0.09290600328459403 -0.07328948215949307 0.05826605181645994 -0.006256347684849976 -0.06713146161833801
0 70 72.5755219903384 1687.965344399193 3445.700187788443 978.267528422702 3411.9863533200164 72.22088454997096 -688.7902207781502 -415.6529327528497 2716.2200873806146 -70.90053794071869
0 71 7.8100939262206 171.91745786656912 353.3894846637788 98.62135128379475 349.7948002209878 9.409910647215993 -68.97064704057583 -41.032463344098204 277.8716860750476 -5.75283317780302
0 72 12.208354830980987 264.2521180148591 539.5887820523837 153.38057180120572 534.5415028620087 12.238165501034462 -107.99419450005804 -64.66432441710602 425.23506004192245 -10.500787798457917
0 73 7.107045036463658 154.8638471503027 317.0733419971285 89.49296136878122 314.0030941818866 7.316083462645452 -61.736938769047384 -36.6910733031835 249.70208639627128 -5.508352202709032
0 74 85.38374216686785 1969.0456293999123 4020.4355778013314 1140.8786115507642 3981.2511142693866 85.6278496146758 -802.8461817851559 -483.96772987188393 3168.758147294945 -82.19000604445678
0 75 37.04656722885948 846.1881003092848 1731.25007236998 490.06788942855894 1714.2464817628913 38.76494488134252 -339.2759080783534 -204.60450571439165 1363.4843714424646 -33.96091154872192
0 76 3.6159553820351835 78.94997958333794 162.02732113597176 45.47728403600415 160.451625231075 4.111021676775211 -32.07492314690692 -19.338531065518147 127.43596742112304 -3.2462904345999295
0 77 5.15293317997783 121.16663215934469 249.2070479075086 69.91779057412275 246.6154877208749 6.027271234992283 -47.91350695100835 -28.418905034493324 195.83353533236473 -3.572511700823159
0 78 3.0597418746585787 65.20658303996382 133.33595860408337 37.63572897697422 132.15199634264977 3.147813218060355 -26.271483289918564 -15.822170706749882 104.93417338421962 -2.6501873996193095
0 79 42.90779299071694 980.3410568630999 2006.2728937064862 567.6067955316585 1986.663267112476 45.130153667636876 -393.26438495480926 -236.74847992481926 1580.0301865142087 -38.97661529793185
0 80 48.56454863185166 1099.3665695840525 2247.198571650611 635.274833002021 2225.3679117960764 51.4101252340013 -453.6966701070512 -272.8616779804926 1770.7863239456724 -46.85246991231617
0 81 5.480633194134633 117.79360881093028 241.9913400672478 67.8926763471365 239.42971872114856 6.2907427343570905 -47.88312893653539 -28.668699166319776 190.32240115026457 -4.618064609733662
0 82 6.535469249269902 134.30945117222043 273.81257046560535 78.25004740193982 271.1687978972487 6.0546158679622115 -56.42729851109367 -34.12626597608876 215.72674457766823 -6.548214478542516
0 83 4.747772639137562 101.83045247675159 208.3624211051093 58.95013026293938 206.317826899229 4.814765258049406 -40.752900579314726 -24.36346565480965 164.07262032498406 -3.9682686435636114
0 84 56.61985125522531 1273.0570154961513 2602.071003489686 735.874902597866 2576.7036176970573 59.85621893467283 -525.1409753008157 -315.8233174624974 2050.1808081130425 -54.47552740674171
0 85 43.635819137229866 997.5587748005306 2039.852095607222 577.1444576663711 2019.9138894994646 45.51771935147033 -404.8811843926607 -244.00088114406822 1606.9958620709651 -41.09681611412971
0 86 4.489435443158998 98.58610918237034 202.14774271252315 56.737645651047636 200.1242436838039 5.149443348446109 -39.85041114046644 -23.88590080494611 158.93197247561017 -3.8592251697847515
0 87 5.8848680865054614 132.86166226011412 272.1819715400153 76.99924116411695 269.3645851260998 6.289047437251805 -53.717641978427785 -32.10628268391169 214.20704487741042 -4.864574105456131
0 88 3.9958279141672484 82.80119774813542 169.5381278411655 47.95225834216909 168.00119197334044 3.9771157240016093 -33.29726377617007 -19.95893221635921 133.5968185365501 -3.3550978296503478
0 89 50.74625806102944 1153.6307797193667 2359.8684677799415 667.4359003549961 2336.6711193756296 53.10133049662117 -468.13416417772277 -281.7594024609645 1858.8015170418657 -47.247388538058736
0 90 -1345.6299055614322 -36851.0006195573 -76251.39410892132 -21437.991511738775 -75452.54383603946 -1907.6755959969998 7459.419742063667 4033.451115260809 -59719.919190264176 -1405.0986959168347
0 91 13.091151316313939 249.91079798563823 499.91255007942414 147.95771879242412 495.2748834898548 9.825753507419552 -114.15473638001457 -77.36924694992388 394.79130145203675 -31.549710270289346
0 92 -5.711280136103088 -10257.387541417298 -22062.199090639566 -5450.804590841797 -21812.975923374168 -945.3022790447544 2286.3668881379094 1025.9530044246915 -17139.556205615234 -877.2643991917838
0 93 3.311624125749286 74.3594561333939 151.4343703784113 43.29435093485966 149.90470031637685 3.0276728078148967 -29.52236606711437 -17.762119168384572 119.42028850337641 -3.0548007914917283
0 94 -1180.8996796138354 -45248.999448255556 -94501.46124496983 -25785.45456291339 -93488.98652085934 -2838.0457549175935 8826.500648500369 4451.006942771103 -73861.1308774928 -2529.6734924041616
0 95 0.22434348451715042 6.1821449522025205 12.70426722844058 3.495230125115258 12.615173479541113 0.3117836624908743 -2.5309535351207932 -1.4688228604361728 10.143290587728563 -0.14313506700680678
0 96 0.1423521115689901 4.462638556784914 9.294599920849912 2.521552523151362 9.112014699056738 0.27918260243452014 -1.7577448457534328 -0.9637355719237677 7.218015599660307 -0.22516068387921198
0 97 0.5750071447448191 14.101338813858192 28.8856803011812 8.157156057464613 28.74888098448396 0.6029313549026267 -5.566584519756153 -3.3539088298267026 22.761071335921997 -0.5192505031713608
0 98 0.3080865886032288 7.350356992801008 15.144418796104103 4.308870302803804 14.955069560920979 0.4046724168784474 -2.9863832258696275 -1.8110173630493098 11.932815628887326 -0.358628956955502
0 99 0.25178678557279777 6.437807544967112 13.07680211048187 3.7364723636295807 12.848359287331778 0.4169500504654587 -2.4973746840847144 -1.5889520736867848 10.274052878467362 -0.24492411370436337
0 100 0.1875385136262488 4.7694062443641085 9.558935518719087 2.7560244177442783 9.559578717797466 0.3503622532282593 -1.9201797766149575 -1.0425073298867853 7.603205931633075 -0.23805607480698543
0 101 0.30333801784522235 5.335217506951531 10.958731020284535 3.0189585858826034 10.841849699979017 0.2936280399871817 -2.0976334186972765 -1.3212521733252462 8.77422493791337 -0.19239184189701394
0 102 0.5614053173072655 12.582916261783986 25.57289022816495 7.19634552814252 25.41969174853557 0.5345212840517937 -4.938032323468573 -2.975730718556051 20.155545795813744 -0.4534165236771525
0 103 0.45237329581456687 8.847385809798109 18.305081977314735 5.113960155995339 18.091885420785854 0.48423368549961915 -3.496297194603673 -2.1036323411529567 14.331997074901478 -0.32494842426815307
0 104 0.2592141746189545 5.195584695267405 10.634138419702648 2.9826984218959725 10.51484180525831 0.318912558539821 -2.0707702052638166 -1.1648149729834159 8.409776857649783 -0.2646469573942992
0 105 9.904128804386156 229.14339148921275 469.5787050640149 132.01605025083475 465.0302983871375 11.263610907996974 -90.68960110770011 -54.05266941966951 369.62931235403425 -7.616774169550796
0 106 4.143807229052566 96.09710307706408 197.65140587058326 54.93889078765506 195.5987307010573 5.258307679713891 -38.26621550417807 -22.299477058457008 155.44098751995926 -2.6079288289463864
0 107 12.186486374932159 279.6871304180564 573.1598857965133 161.48800618018282 567.4577693849758 13.285008829456283 -110.78633484351472 -66.17255243922183 451.1783899205622 -9.652240848402815
0 108 7.049600425910615 152.01607957080705 311.62581737552995 87.74739609339665 308.7089185568709 7.521791821607608 -60.689320850898035 -35.98275769651419 245.39593177551114 -5.229085236870374
0 109 10.774587708952444 244.95191545766974 502.1903897699145 141.36348410355725 497.3041700213776 11.89645340474255 -96.923350296587 -57.90095143458268 395.3289235476425 -8.14707755398258
0 110 5.290093302045815 122.97350484173029 251.80261611216653 70.83385668255504 249.34431337086681 5.8108663066196495 -48.48678304653861 -28.994627546082707 198.21107795989263 -3.9657753358649726
0 111 1.9213717009431732 44.25726262041677 91.1182053569622 25.289018034877 90.06349448911848 2.274334426228505 -17.402528928628005 -10.279609550690186 71.6472260647065 -1.2204777539113254
0 112 6.400588494674575 148.60748446950365 304.3173206321987 85.68111591866734 301.37100143852336 7.022560556388774 -58.7392222702699 -34.927176074686656 239.51349693487765 -5.0376695989555
0 113 2.9220809328797084 66.45030522565463 136.00124986775967 38.31013172347903 134.63666945690022 3.1184032056575255 -26.22811827545013 -15.52692230697567 107.15161041687695 -2.1730846690269416
0 114 5.748168907656133 132.98598485821168 272.3707918902907 76.59871586333087 269.68360003338404 6.290355454907525 -52.462859755044335 -31.2079929134943 214.33261771876536 -4.254692658722478
0 115 3.3801296668703773 79.26275648758663 162.11231296047558 45.6503096711886 160.53293581059978 3.7288498003854635 -31.33760798239849 -18.72638213824586 127.58876588895353 -2.566688433950178
0 116 0.5522547142125441 14.09448629280902 29.095954109161294 7.96175207622531 28.766403777266742 0.57169514369441 -5.605658150988993 -3.3178917672422283 22.733310665945584 -0.31383316438639897
0 117 1.7749528894707645 44.708001474329265 91.66996806080117 25.828268838691447 90.6732004777337 2.13535216307042 -17.60127811240757 -10.533023442359191 72.05315944741798 -1.5331365068191585
0 118 1.1461066196586995 27.231439327210502 55.791725386181604 15.788572846350164 55.31397863042983 1.0876476263268995 -10.871097309636882 -6.4314396343046525 44.018261618043496 -0.9199012282588057
0 119 3.6027023232049333 85.7247267229851 175.5619087040043 49.524020543080454 173.92518175729154 4.082323492989725 -33.77457912304421 -20.102708518650733 138.27191816228262 -2.856163006087157
0 120 5.008859908939769 117.29581389662216 240.32899398143687 67.65792753878286 237.90748310175815 5.5445030655449425 -46.35366782387033 -27.462078462468337 189.07993397707634 -3.854712180936875
0 121 2.3096974299512127 53.29673438134125 109.6737779230895 30.48062430468836 108.5125506132037 2.7734761973906705 -21.00427010543706 -12.225499668757637 86.22936781232423 -1.3545335659049444
0 122 8.56682933650472 194.84816894295625 399.5319650247696 112.36647617520211 395.4706832726478 9.285529603194055 -77.00223739362617 -45.715328938563935 314.4204255115319 -6.223532205889931
0 123 3.8340945649232516 86.88820824318195 177.93103969779935 49.96256605635282 176.19419417683545 4.19860392537902 -34.23792658991423 -20.14743304317634 140.1799144167249 -2.6378781415968175
0 124 5.29884779122669 126.08904756659383 258.3391161491875 72.75907967633937 255.94826101487945 5.952810724307563 -49.744105289859306 -29.705399059321845 203.3003556225819 -3.991584763465035
0 125 0.06808342973058584 0.2936399723183744 0.35403215247196196 0.1632946951702387 0.38744454231898867 0.06226723861162709 -0.09544819917113927 -0.13152606520816038 0.3414654315901196 -0.20878782336503754
0 126 1.9457439658310658 53.812089890727016 107.45615675273012 32.06876017927674 106.37762363456969 0.8177065892040648 -21.363432144230277 -13.561147693688229 85.35638439568504 -3.2326892147470576
0 127 122787.77823495524 1775346.5769873527 3541494.5707856496 1116187.1288907954 3506237.8339265734 137494.3918861872 -280274.3733024871 -107670.24608851325 2806063.9967804216 98717.62619135587
0 128 6.78982438784157 145.27850072530035 297.24211466952266 83.96871438057852 294.34173732270455 7.300340053969235 -59.44955429297837 -35.6719239307107 233.9446582239173 -5.97049308459755
0 129 5233.708339352251 103984.61399809868 217018.96351509803 58801.93624068534 214906.0055831313 7659.731444132488 -42831.6898787126 -23611.520754144974 169796.09976970704 -713.7543027088258
0 130 8566.42335264705 157496.79548937833 323957.89538378385 90870.34173852539 320828.15565534437 10685.136643661092 -67734.0922355015 -40243.99514617733 254435.47161627517 -7450.614323078896
0 131 -7.869489396707782 -164.9851843989496 -340.87754692635923 -95.0221463157808 -337.43424473927877 -9.36977747011205 66.49515741031276 39.501816406194656 -267.4182263435089 6.189849551721119
0 132 -17.434036172587934 -395.2843734890889 -809.1809401214701 -229.67878073347413 -801.3356945528103 -17.593774517471694 156.1427407490938 93.70277420653241 -636.8380358599004 14.677158097109603
0 133 3230.425351775042 108212.76926060491 224144.93867956634 61824.60629159136 221983.16823091728 6982.851209944353 -43457.72928934289 -25432.33095167956 175609.93162004158 -1988.4519955300618
0 134 -1084.762871216789 -33507.280981422715 -68073.06568417759 -19676.77487077058 -67358.7459690526 -741.3253071353789 8074.948622492069 5533.824332085563 -53814.07477783615 880.0133404636764
0 135 130905.13491438203 1316719.2906896188 2986437.4018995576 634247.7236244609 2953483.3789190534 168174.48182798512 -636390.8463410648 -333068.44823108194 2288190.739835728 22064.690762177062
0 136 -0.06066040154012649 -0.06288444394789489 -0.030203118665830152 0.08679447311789108 -0.06802668202911924 -0.07361462685765469 0.01889988768305445 -0.07255585173647343 0.05170813073843058 0.04466592204867769 -0.03531932831709599
1 0 0.026737810361609885
1 1 0.041016461799003735
1 2 0.1509157343842744
1 3 0.03868223755049052
1 4 0.13058640292270873
1 5 0.021771144795264246
1 6 -0.01577262146561126
1 7 -0.056140411207527954
1 8 0.07076676570868971
1 9 0.3635599010770798
